# IBelongHere  grain 8 s  STFT 16384 (0.372 s window)  pitch: YIN 100 ms / 10 ms hop  onsets: per second  subwob: yes
   t(s)  sub bass  lm  mid high | f0Hz note held vcd | cen   h/f | subwob beats depth | low click mid high
  0.000    0    5   42   53    0 |   0.0 -     0%  0% |  342 14.35 | 0.116  0.23 0.89 |  2.5  0.5  0.8  1.1
  8.000    0    4   25   68    2 |   0.0 -     0%  0% |  373 12.01 | 1.022  2.00 0.99 |  3.2  1.0  1.6  1.9
 16.000   36   34   14   14    2 |  55.9 A1   29% 69% |  135  0.36 | 0.511  1.00 0.98 |  2.9  2.4  3.0  4.2
 24.000   36   33   14   14    3 |  56.4 A1   27% 72% |  132  0.31 | 1.022  2.00 0.97 |  2.5  1.9  3.5  4.5
 32.000   33   31   15   19    2 |  55.8 A1   29% 70% |  144  0.39 | 0.511  1.00 0.98 |  2.4  2.2  2.8  5.2
 40.000   35   33   12   17    3 |  56.4 A1   25% 72% |  127  0.28 | 0.511  1.00 0.95 |  3.0  2.6  3.6  5.1
 48.000   20   24   20   32    4 |  58.5 A#1  25% 84% |  213  1.04 | 0.116  0.23 1.00 |  1.0  0.6  1.2  1.4
 56.000    4   12   37   42    6 |  73.0 D2   35% 63% |  305  4.36 | 0.116  0.23 1.00 |  1.2  0.4  1.9  0.8
 64.000   34   33   13   15    4 |  55.7 A1   30% 60% |  149  0.42 | 0.511  1.00 1.00 |  3.1  2.6  3.2  2.1
 72.000   40   32   14   12    2 |  55.1 A1   28% 71% |  134  0.35 | 0.511  1.00 0.99 |  2.9  2.4  2.8  2.5
 80.000   38   32   15   13    2 |  55.6 A1   25% 72% |  135  0.37 | 0.511  1.00 0.98 |  2.2  1.6  3.4  3.9
 88.000   35   34   14   15    2 |  56.2 A1   29% 72% |  139  0.34 | 0.511  1.00 0.95 |  2.9  2.2  3.5  4.2
 96.000   25   29   18   25    4 |  58.1 A#1  36% 68% |  190  0.75 | 0.511  1.00 0.98 |  2.2  1.8  2.9  4.0
104.000   33   30   14   20    2 |  55.9 A1   29% 68% |  153  0.41 | 0.511  1.00 0.96 |  3.0  2.5  3.9  5.9
112.000   23   25   18   31    3 |  58.0 A#1  28% 83% |  208  0.94 | 0.511  1.00 1.00 |  1.1  0.6  1.8  2.0
120.000    4   15   36   40    6 |  73.2 D2   28% 65% |  282  3.20 | 0.116  0.23 1.00 |  1.1  0.2  1.2  0.9
128.000   29   26   17   20    8 |  57.1 A#1  22% 50% |  180  0.67 | 0.511  1.00 1.00 |  2.5  1.9  3.2  2.9
136.000   35   29   14   17    5 |  55.0 A1   23% 68% |  145  0.39 | 0.511  1.00 0.98 |  3.1  2.8  2.9  3.8
144.000   13   12   24   40   11 |  48.7 G1   21% 28% |  340 26.52 | 0.116  0.23 1.00 |  1.9  0.8  2.0  3.6
152.000    0    1   31   60    8 | 117.2 A#2  100%  1% |  352 99.00 | 0.116  0.23 0.84 |  2.6  0.5  1.0  3.1
160.000    0    1   27   64    8 |   0.0 -     0%  0% |  378 62.00 | 0.116  0.23 0.81 |  2.1  0.0  0.8  1.8
168.000    0    1   33   60    6 | 117.1 A#2  100%  1% |  358 99.00 | 0.116  0.23 0.93 |  2.5  0.0  0.8  0.6
176.000   29   26   14   22    8 |  58.0 A#1  21% 41% |  209  0.94 | 0.511  1.00 1.00 |  2.9  2.2  2.6  2.6
184.000   33   29   14   18    5 |  55.8 A1   22% 70% |  153  0.44 | 0.511  1.00 0.98 |  2.6  2.5  2.9  4.2
192.000   32   27   14   19    7 |  55.5 A1   19% 72% |  156  0.46 | 0.511  1.00 0.99 |  3.1  2.8  3.4  4.6
200.000   32   27   14   22    6 |  55.4 A1   21% 68% |  167  0.46 | 0.511  1.00 0.98 |  2.6  2.4  2.6  5.4
208.000   24   17   16   35    8 |  49.3 G1   15% 36% |  324  4.17 | 0.511  1.00 1.00 |  1.9  0.6  1.9  2.8
216.000    0    0    5   92    2 |   0.0 -     0%  0% |  386 63.15 | 0.116  0.23 0.68 |  1.6  0.1  0.6  0.1
224.000    0    0    5   91    4 |   0.0 -     0%  0% |  559 99.00 | 0.116  0.23 1.00 |  0.5  0.0  0.1  0.0
232.000    0    0    0   82   17 |   0.0 -     0%  0% |  555 26.42 | 0.000  0.00 0.22 |  0.0  0.0  0.0  0.0
