# IBelongHere  grain 4bar (28 slices, bar-synchronous on the 117.45 bpm grid)  STFT 16384
   t(s)   dur  sub bass  lm  mid high | f0Hz note held vcd | cen   h/f | low click mid high
  1.637 8.139    0    4   34   62    0 |   0.0 -     0%  0% |  346 15.39 |  2.7  0.5  1.0  0.5
  9.776 8.139   25   22   19   32    3 |  57.8 A#1  48% 15% |  349  6.46 |  3.2  1.5  2.0  2.6
 17.914 8.139   38   33   13   14    2 |  55.9 A1   30% 72% |  129  0.32 |  2.7  2.2  3.3  4.5
 26.053 8.127   33   32   17   15    3 |  56.1 A1   26% 71% |  140  0.39 |  2.2  1.9  3.0  4.4
 34.180 8.139   35   33   13   17    2 |  56.2 A1   28% 71% |  130  0.30 |  2.8  2.6  3.3  5.4
 42.318 8.139   34   33   12   17    3 |  57.5 A#1  35% 75% |  133  0.33 |  2.5  2.2  3.1  4.2
 50.457 8.139    6   20   27   42    4 |  60.7 B1    1% 80% |  240  1.40 |  1.2  0.4  1.2  0.9
 58.596 8.127   16   19   25   32    8 |  73.1 D2   44% 49% |  296  4.08 |  1.7  1.1  2.5  1.2
 66.723 8.139   39   34   12   13    2 |  55.1 A1   27% 71% |  127  0.27 |  2.8  2.5  2.8  2.5
 74.861 8.139   40   30   15   13    2 |  55.2 A1   25% 77% |  144  0.41 |  2.6  2.0  3.0  2.3
 83.000 8.127   36   33   14   15    2 |  55.9 A1   26% 69% |  135  0.32 |  2.6  2.0  3.6  4.3
 91.127 8.150   29   30   16   22    3 |  57.6 A#1  32% 73% |  171  0.56 |  2.5  1.8  2.8  4.2
 99.277 8.127   30   32   16   19    3 |  56.9 A#1  26% 65% |  161  0.46 |  2.6  2.2  3.7  5.0
107.404 8.139   33   30   14   20    3 |  57.5 A#1  36% 74% |  156  0.46 |  2.6  1.8  3.2  4.5
115.542 8.139    6   19   29   41    4 |  67.7 C#2   2% 81% |  237  1.61 |  0.9  0.2  0.9  1.0
123.681 8.127   16   17   27   32    9 |  73.1 D2   45% 43% |  303  5.12 |  1.6  0.9  2.5  1.5
131.808 8.139   35   30   13   17    5 |  55.3 A1   25% 70% |  142  0.35 |  3.2  2.8  3.4  4.0
139.947 8.139   28   25   18   22    7 |  54.5 A1   17% 63% |  180  0.77 |  1.8  1.4  2.5  3.6
148.085 8.139    0    1   22   67   10 |   0.0 -     0%  0% |  360 72.99 |  2.5  0.6  1.2  3.7
156.224 8.139    0    1   36   53   10 | 117.2 A#2  100%  1% |  361 66.77 |  2.2  0.4  0.9  2.5
164.362 8.139    0    1   23   71    5 |   0.0 -     0%  0% |  374 76.37 |  2.5  0.0  0.6  0.9
172.501 8.382   23   19   20   28   10 |  57.9 A#1  30% 14% |  344 99.00 |  2.9  1.2  1.7  1.2
180.883 8.139   35   28   14   17    6 |  55.7 A1   22% 69% |  150  0.40 |  2.7  2.5  3.1  4.3
189.022 8.139   32   28   15   19    6 |  55.7 A1   19% 72% |  155  0.46 |  3.2  2.7  3.1  4.3
197.161 8.127   32   28   13   21    6 |  55.1 A1   21% 67% |  166  0.45 |  2.5  2.3  3.2  5.4
205.288 8.150   26   23   16   27    7 |  54.8 A1   16% 61% |  202  0.97 |  2.2  1.6  2.1  4.0
213.438 8.127    0    0    5   91    4 |   0.0 -     0%  0% |  381 43.99 |  2.0  0.0  0.7  0.1
221.565 8.185    0    0    5   92    3 |   0.0 -     0%  0% |  400 99.00 |  0.9  0.1  0.4  0.0
