# IBelongHere  grain beat (457 slices, bar-synchronous on the 117.45 bpm grid)  STFT 4096
   t(s)   dur  sub bass  lm  mid high | f0Hz note held vcd | cen   h/f | low click mid high
  0.104 0.511    0    4   41   54    0 |   0.0 -     0%  0% |  373 32.72 |  3.9  2.0  2.0  5.9
  0.615 0.511    0    1   16   83    0 |   0.0 -     0%  0% |  409 99.00 |  3.9  0.0  0.0  3.9
  1.126 0.511    0    1   16   83    0 |   0.0 -     0%  0% |  393 74.25 |  2.0  0.0  0.0  2.0
  1.637 0.499    0    3   41   56    0 |   0.0 -     0%  0% |  350 40.59 |  2.0  2.0  2.0  2.0
  2.136 0.511    0    2   29   69    0 |   0.0 -     0%  0% |  410 45.33 |  2.0  0.0  0.0  0.0
  2.647 0.511    0    5   43   52    0 |   0.0 -     0%  0% |  357 14.22 |  0.0  0.0  0.0  0.0
  3.158 0.511    0    3   62   35    0 |   0.0 -     0%  0% |  355 31.68 |  2.0  0.0  0.0  0.0
  3.669 0.511    0    1   58   41    0 |   0.0 -     0%  0% |  374 99.00 |  2.0  0.0  0.0  0.0
  4.180 0.511    0    5   61   34    0 |   0.0 -     0%  0% |  339 18.29 |  5.9  2.0  2.0  2.0
  4.690 0.511    0    6   55   38    1 |   0.0 -     0%  0% |  296 10.53 |  2.0  0.0  0.0  0.0
  5.201 0.511    0    4   50   45    1 |   0.0 -     0%  0% |  297 14.32 |  2.0  0.0  0.0  0.0
  5.712 0.511    0    2   57   40    1 |   0.0 -     0%  0% |  322 16.28 |  3.9  0.0  2.0  0.0
  6.223 0.511    0    8   53   38    0 |   0.0 -     0%  0% |  310  5.50 |  5.9  0.0  0.0  0.0
  6.734 0.511    0   21   31   47    0 |   0.0 -     0%  0% |  315  2.65 |  0.0  0.0  0.0  0.0
  7.245 0.511    0   21   49   30    0 |   0.0 -     0%  0% |  266  3.00 |  0.0  0.0  0.0  0.0
  7.755 0.499    0    1   47   52    1 |   0.0 -     0%  0% |  355 82.92 |  6.0  2.0  6.0  4.0
  8.255 0.511    0    2   26   72    0 |   0.0 -     0%  0% |  447 49.66 |  3.9  2.0  2.0  0.0
  8.766 0.511    0    1    6   93    0 |   0.0 -     0%  0% |  560 99.00 |  2.0  0.0  0.0  0.0
  9.276 0.499    0    1    8   90    1 |   0.0 -     0%  0% |  542 97.36 |  4.0  0.0  2.0  0.0
  9.776 0.511    0    3   34   62    0 |   0.0 -     0%  0% |  415 37.89 |  5.9  3.9  2.0  0.0
 10.286 0.511    0    3   25   71    0 |   0.0 -     0%  0% |  406 26.09 |  5.9  2.0  2.0  0.0
 10.797 0.511    0    4   22   74    1 |   0.0 -     0%  0% |  373 13.28 |  3.9  0.0  0.0  0.0
 11.308 0.499    0    3   27   68    1 |   0.0 -     0%  0% |  356 16.24 |  0.0  0.0  2.0  2.0
 11.807 0.511    0    2   15   81    2 |   0.0 -     0%  0% |  389 21.36 |  7.8  3.9  2.0  2.0
 12.318 0.511    0    4   60   35    1 |   0.0 -     0%  0% |  339 28.93 |  2.0  0.0  0.0  2.0
 12.829 0.511    0    3   20   74    2 |   0.0 -     0%  0% |  332  8.81 |  2.0  2.0  2.0  2.0
 13.340 0.511    0    2   33   61    4 |   0.0 -     0%  0% |  351 17.25 |  3.9  0.0  3.9  3.9
 13.851 0.511    0    2   40   54    3 |   0.0 -     0%  0% |  364 22.73 |  3.9  2.0  2.0  2.0
 14.362 0.499    0    8   46   39    7 |   0.0 -     0%  0% |  320  5.24 |  2.0  0.0  0.0  4.0
 14.861 0.511    0    9   14   68    9 |   0.0 -     0%  0% |  357  3.21 |  0.0  0.0  2.0  3.9
 15.372 0.511    0   20   17   49   14 |   0.0 -     0%  0% |  315  2.22 |  0.0  0.0  0.0  3.9
 15.882 0.511    0   13   23   54   10 |   0.0 -     0%  2% |  356  3.31 |  2.0  0.0  2.0  3.9
 16.393 0.499   33   48   14    4    1 |  57.7 A#1  71% 82% |  123  0.26 |  4.0  4.0  4.0  2.0
 16.893 0.511   30   34   13   20    3 |  56.9 A#1  21% 82% |  159  0.56 |  5.9  3.9  3.9  3.9
 17.403 0.511   29   35   12   21    3 |  58.2 A#1  46% 69% |  150  0.34 |  2.0  2.0  3.9  5.9
 17.914 0.511   31   37   11   19    1 |  57.5 A#1  62% 82% |  160  0.50 |  3.9  2.0  3.9  5.9
 18.425 0.511   19   42   10   27    2 |  72.9 D2   65% 78% |  187  0.55 |  2.0  2.0  2.0  5.9
 18.936 0.499   22   45   13   18    1 |  72.9 D2   49% 74% |  162  0.60 |  2.0  2.0  4.0  2.0
 19.435 0.511   30   60    7    2    1 |  73.0 D2   66% 67% |   86  0.06 |  2.0  2.0  2.0  3.9
 19.946 0.511   29   44   16    7    4 |  61.6 B1   12% 51% |  122  0.40 |  5.9  5.9  5.9  3.9
 20.457 0.511   30   29   23   14    4 |  54.4 A1   61% 75% |  172  0.88 |  0.0  0.0  0.0  3.9
 20.968 0.511   34   37   15   11    3 |  54.3 A1   53% 75% |  131  0.34 |  3.9  3.9  3.9  5.9
 21.478 0.499   37   34   14   14    1 |  55.0 A1   68% 82% |  174  1.02 |  2.0  2.0  2.0  4.0
 21.978 0.511   39   37   15    8    1 |  55.0 A1   74% 75% |  114  0.25 |  2.0  2.0  3.9  3.9
 22.489 0.511   29   47   19    5    1 |  44.2 F1   71% 79% |  126  0.40 |  2.0  2.0  3.9  5.9
 22.999 0.511   27   40   17   14    2 |  46.1 F#1  24% 57% |  132  0.37 |  2.0  2.0  2.0  3.9
 23.510 0.511   29   38   15   13    4 |  49.1 G1   58% 65% |  182  1.21 |  3.9  2.0  3.9  3.9
 24.021 0.511   37   41   11   10    2 |  55.8 A1   29% 55% |  102  0.16 |  3.9  3.9  5.9  3.9
 24.532 0.499   40   37   12    8    2 |  57.8 A#1  53% 90% |  129  0.37 |  4.0  2.0  4.0  6.0
 25.031 0.511   27   29   12   32    1 |  56.9 A#1  25% 78% |  115  0.26 |  2.0  0.0  2.0  3.9
 25.542 0.511   35   37   11   12    5 |  57.4 A#1  33% 63% |  183  0.96 |  2.0  2.0  3.9  5.9
 26.053 0.511   21   28   21   28    2 |  57.8 A#1  58% 75% |  212  1.37 |  2.0  2.0  2.0  3.9
 26.564 0.499   22   44   16   13    5 |  73.0 D2   63% 76% |  174  0.53 |  2.0  2.0  2.0  4.0
 27.063 0.511   23   50   13   12    1 |  73.2 D2   50% 75% |  128  0.32 |  3.9  3.9  3.9  3.9
 27.574 0.511   29   61    6    2    2 |  72.9 D2   68% 75% |   90  0.08 |  2.0  2.0  2.0  7.8
 28.085 0.511   28   45   16    6    4 |  62.9 B1   18% 54% |  118  0.44 |  3.9  3.9  3.9  2.0
 28.595 0.499   28   31   22   15    4 |  54.5 A1   66% 64% |  176  0.72 |  2.0  2.0  4.0  2.0
 29.095 0.511   38   37   12   10    3 |  54.6 A1   56% 76% |  107  0.18 |  0.0  0.0  5.9  7.8
 29.605 0.511   39   33   16   11    1 |  55.2 A1   60% 78% |  190  1.16 |  2.0  2.0  2.0  3.9
 30.116 0.511   39   38   12    7    3 |  54.9 A1   85% 65% |  105  0.16 |  2.0  2.0  3.9  3.9
 30.627 0.511   28   49   15    5    2 |  44.2 F1   65% 78% |  116  0.28 |  2.0  2.0  3.9  5.9
 31.138 0.511   22   36   13   27    1 |  70.5 C#2  21% 75% |  169  0.59 |  2.0  0.0  3.9  3.9
 31.649 0.511   11   23   36   16   15 |  46.5 F#1   5% 84% |  234  1.46 |  3.9  0.0  0.0  2.0
 32.160 0.499    5    6   63   15   11 |  48.9 G1   83% 24% |  329 19.63 |  2.0  2.0  2.0  4.0
 32.659 0.511   28   40   19    8    3 |  57.2 A#1  53% 75% |  136  0.42 |  2.0  2.0  2.0  3.9
 33.170 0.511   28   30   13   26    2 |  57.1 A#1  30% 84% |  140  0.33 |  2.0  2.0  2.0  5.9
 33.681 0.499   29   31   14   24    2 |  58.2 A#1  55% 76% |  170  0.60 |  2.0  2.0  4.0  6.0
 34.180 0.511   30   32   23   14    1 |  58.1 A#1  65% 78% |  182  1.04 |  2.0  2.0  2.0  3.9
 34.691 0.511   18   42   15   24    1 |  72.9 D2   60% 83% |  178  0.54 |  2.0  2.0  2.0  5.9
 35.201 0.511   22   48   14   15    1 |  73.0 D2   51% 80% |  157  0.57 |  2.0  2.0  3.9  5.9
 35.712 0.499   28   59    9    2    1 |  72.9 D2   63% 76% |   86  0.06 |  2.0  2.0  2.0  6.0
 36.212 0.511   32   54    6    5    3 |  64.3 C2    7% 57% |   78  0.03 |  3.9  3.9  3.9  3.9
 36.722 0.511   34   37   21    7    2 |  54.4 A1   69% 71% |  145  0.55 |  2.0  2.0  3.9  3.9
 37.233 0.511   29   32   12   24    4 |  54.7 A1   50% 75% |  175  0.59 |  3.9  3.9  3.9  5.9
 37.744 0.511   34   29   11   25    1 |  54.9 A1   80% 79% |  160  0.56 |  3.9  2.0  2.0  7.8
 38.255 0.511   32   35   16   13    4 |  54.7 A1   74% 76% |  174  0.48 |  2.0  2.0  2.0  3.9
 38.766 0.499   20   34   10   34    2 |  44.7 F1   62% 58% |  178  0.52 |  0.0  0.0  2.0  6.0
 39.265 0.511   22   30   11   36    1 |  48.8 G1   21% 47% |  135  0.37 |  3.9  3.9  3.9  7.8
 39.776 0.511   28   39   12   18    3 |  49.0 G1   54% 69% |  131  0.38 |  2.0  2.0  2.0  5.9
 40.287 0.511   35   42   13    8    2 |  55.6 A1   24% 48% |  108  0.15 |  7.8  7.8  7.8  5.9
 40.797 0.499   38   42   13    6    1 |  58.1 A#1  74% 86% |  127  0.32 |  4.0  2.0  4.0  6.0
 41.297 0.511   32   35    8   21    4 |  57.2 A#1  29% 82% |  110  0.15 |  2.0  2.0  3.9  3.9
 41.808 0.511   30   35   13   15    7 |  58.2 A#1  46% 76% |  155  0.41 |  2.0  2.0  3.9  3.9
 42.318 0.511   26   36   14   22    2 |  58.0 A#1  71% 75% |  170  0.72 |  3.9  2.0  2.0  3.9
 42.829 0.511   19   43   14   21    2 |  73.0 D2   64% 76% |  185  0.62 |  2.0  2.0  2.0  5.9
 43.340 0.511   22   49   11   17    1 |  73.1 D2   48% 77% |  114  0.20 |  5.9  3.9  3.9  3.9
 43.851 0.499   29   56   10    4    1 |  72.9 D2   54% 70% |  112  0.21 |  2.0  2.0  2.0  6.0
 44.350 0.511   23   37   10   27    4 |  57.2 A#1   9% 63% |  125  0.36 |  3.9  3.9  5.9  3.9
 44.861 0.511   29   26   12   31    3 |  54.4 A1   69% 76% |  152  0.50 |  2.0  2.0  2.0  3.9
 45.372 0.511   33   33   11   19    5 |  54.0 A1   36% 71% |  124  0.34 |  3.9  3.9  5.9  5.9
 45.883 0.499   35   37   10   17    2 |  54.8 A1   44% 72% |  116  0.25 |  2.0  2.0  2.0  6.0
 46.382 0.511   33   37   18   11    1 |  54.9 A1   68% 75% |  146  0.42 |  3.9  3.9  3.9  5.9
 46.893 0.511   29   50   15    5    1 |  44.2 F1   62% 75% |  119  0.31 |  0.0  0.0  2.0  7.8
 47.404 0.511   25   38   11   24    3 |  49.0 G1    6% 65% |  148  0.43 |  0.0  0.0  3.9  3.9
 47.914 0.511   32   43   10    9    5 |  49.2 G1   69% 71% |  114  0.22 |  3.9  3.9  2.0  2.0
 48.425 0.511   38   46    7    4    5 |  54.9 A1   35% 45% |   83  0.08 |  5.9  5.9  5.9  0.0
 48.936 0.511   32   22   32   11    4 |  58.5 A#1  88% 100% |  171  0.68 |  0.0  0.0  0.0  0.0
 49.447 0.499   30   31   21   15    3 |  58.4 A#1  100% 100% |  132  0.42 |  0.0  0.0  0.0  4.0
 49.946 0.511   17   17   26   36    4 |  58.4 A#1  86% 85% |  191  0.95 |  0.0  0.0  5.9  3.9
 50.457 0.511    6   10   21   61    2 |  58.6 A#1  76% 82% |  292  2.36 |  2.0  2.0  2.0  0.0
 50.968 0.511    0   36   17   40    7 |  73.1 D2   100% 100% |  243  1.20 |  0.0  0.0  0.0  0.0
 51.479 0.511    0   46   34   17    2 |  73.0 D2   100% 100% |  158  0.44 |  0.0  0.0  0.0  2.0
 51.989 0.499    0   19   24   44   12 |  73.0 D2   100% 100% |  241  1.35 |  0.0  0.0  2.0  4.0
 52.489 0.511    0   10   13   75    2 |  73.0 D2   64% 76% |  273  1.86 |  2.0  0.0  0.0  0.0
 53.000 0.511    6   27   46   21    0 |  54.7 A1   100% 92% |  234  1.71 |  0.0  0.0  0.0  2.0
 53.510 0.511   15   41   30   11    2 |  54.7 A1   100% 100% |  158  0.49 |  0.0  0.0  0.0  0.0
 54.021 0.511    4    3   14   77    2 |  54.8 A1   96% 45% |  290  2.68 |  0.0  0.0  2.0  2.0
 54.532 0.511    4   19   40   36    1 |  54.8 A1   91% 63% |  219  1.24 |  2.0  0.0  2.0  2.0
 55.043 0.499    3   35   36   21    5 |  87.2 F2   100% 88% |  184  0.96 |  2.0  0.0  0.0  0.0
 55.542 0.511    3   38   21   32    7 |  87.8 F2   86% 85% |  273  1.57 |  2.0  0.0  0.0  0.0
 56.053 0.511    5   54   27   12    2 |  86.9 F2   45% 92% |  165  0.59 |  2.0  2.0  2.0  0.0
 56.564 0.511    1    8   44   46    1 |  48.1 G1   80% 10% |  346 19.99 |  2.0  2.0  5.9  0.0
 57.075 0.511   11   31   37   21    0 |  58.1 A#1  100% 90% |  208  1.08 |  3.9  0.0  0.0  0.0
 57.585 0.499   11   17   40   13   19 |  58.1 A#1  100% 98% |  197  1.25 |  0.0  0.0  2.0  2.0
 58.085 0.511    4    5   36   50    4 |  58.1 A#1  84% 63% |  358  7.44 |  2.0  0.0  2.0  0.0
 58.596 0.499    3    8   22   60    7 |  58.2 A#1  71% 48% |  333  3.97 |  2.0  0.0  0.0  2.0
 59.095 0.511    0   22   16   58    4 |  73.1 D2   100% 100% |  300  2.17 |  0.0  0.0  0.0  0.0
 59.606 0.499    0   28   40   29    3 |  73.0 D2   100% 100% |  232  1.16 |  0.0  0.0  4.0  2.0
 60.105 0.511    0   11   26   60    4 |  73.0 D2   100% 100% |  297  4.21 |  0.0  0.0  2.0  0.0
 60.616 0.511    0    4   21   67    8 |  73.0 D2   100% 37% |  373 10.45 |  0.0  0.0  2.0  2.0
 61.127 0.522    0    8   50   39    2 | 109.7 A2   100% 92% |  330  8.08 |  1.9  0.0  1.9  0.0
 61.649 0.511    0   19   56   19    5 | 109.8 A2   100% 85% |  248  2.49 |  0.0  0.0  0.0  0.0
 62.160 0.499    0    2   25   56   17 |   0.0 -     0%  0% |  324 21.73 |  0.0  0.0  2.0  2.0
 62.659 0.511    0    9   68   17    5 | 109.8 A2   100% 69% |  298  8.08 |  3.9  2.0  3.9  2.0
 63.170 0.511    0    5   68   23    4 |   0.0 -     0%  0% |  308 13.57 |  0.0  0.0  0.0  0.0
 63.681 0.511    0    4   54   36    7 |   0.0 -     0%  0% |  331 24.91 |  2.0  0.0  2.0  0.0
 64.192 0.499    0    6   46   30   18 |   0.0 -     0%  0% |  276 25.90 |  4.0  4.0  4.0  2.0
 64.691 0.511    0    8   25   39   29 |   0.0 -     0%  0% |  258  5.87 |  5.9  3.9  5.9  5.9
 65.202 0.511   31   41   13    8    8 |  58.3 A#1  57% 77% |  126  0.30 |  2.0  2.0  3.9  0.0
 65.712 0.511   38   44    9    7    2 |  53.9 A1   71% 41% |  222  1.58 |  3.9  3.9  3.9  0.0
 66.223 0.499   26   28   11   32    2 |  53.3 G#1  61% 36% |  320  4.67 |  2.0  2.0  4.0  2.0
 66.723 0.511   30   33    9   21    6 |  57.8 A#1  76% 82% |  169  0.61 |  2.0  2.0  2.0  2.0
 67.233 0.511   27   47   10   14    1 |  73.0 D2   67% 65% |  125  0.30 |  2.0  2.0  3.9  2.0
 67.744 0.511   28   50   12    9    1 |  73.2 D2   57% 77% |  131  0.33 |  3.9  3.9  3.9  2.0
 68.255 0.511   19   37   14   29    2 |  73.2 D2   56% 80% |  184  0.78 |  5.9  2.0  2.0  2.0
 68.766 0.511   22   39   12   21    6 |  72.9 D2   69% 76% |  200  0.75 |  2.0  2.0  2.0  2.0
 69.277 0.499   34   29   20   11    6 |  54.8 A1   80% 80% |  175  0.62 |  2.0  2.0  2.0  0.0
 69.776 0.511   35   38   16   10    0 |  55.0 A1   64% 76% |  178  0.79 |  3.9  3.9  3.9  3.9
 70.287 0.511   32   42   18    7    0 |  54.8 A1   92% 78% |  158  0.56 |  2.0  2.0  2.0  2.0
 70.798 0.511   39   39   14    7    0 |  46.5 F#1  16% 71% |  165  0.99 |  3.9  3.9  3.9  5.9
 71.308 0.499   36   42   17    6    0 |  54.5 A1   10% 80% |  169  1.04 |  0.0  0.0  2.0  0.0
 71.808 0.511   41   41   12    6    0 |  44.8 F1   34% 80% |  132  0.42 |  2.0  2.0  2.0  2.0
 72.319 0.511   39   36   16    8    1 |  49.9 G1   65% 73% |  157  0.71 |  3.9  3.9  3.9  3.9
 72.829 0.511   43   47    8    2    0 |  55.3 A1   13% 59% |   95  0.17 |  3.9  3.9  5.9  3.9
 73.340 0.511   40   41   12    6    1 |  58.2 A#1  60% 84% |   91  0.13 |  2.0  2.0  2.0  3.9
 73.851 0.499   40   47    8    5    0 |  53.8 A1   73% 44% |  261  1.64 |  4.0  2.0  2.0  2.0
 74.350 0.511   27   30    8   33    2 |  52.2 G#1  68% 37% |  353  6.78 |  2.0  2.0  2.0  2.0
 74.861 0.511   30   33   11   21    5 |  57.5 A#1  73% 86% |  181  0.80 |  2.0  2.0  2.0  2.0
 75.372 0.511   28   40   18   12    2 |  72.9 D2   57% 69% |  160  0.66 |  3.9  2.0  2.0  2.0
 75.883 0.499   34   41   15    9    1 |  73.2 D2   47% 76% |  205  0.92 |  2.0  2.0  4.0  4.0
 76.382 0.511   21   33   11   32    2 |  73.3 D2   62% 73% |  188  0.63 |  2.0  2.0  2.0  2.0
 76.893 0.511   23   29   21   21    5 |  73.3 D2   57% 73% |  204  1.09 |  3.9  0.0  0.0  0.0
 77.404 0.511   26   30   28   12    4 |  54.8 A1   75% 77% |  195  0.79 |  2.0  2.0  2.0  0.0
 77.915 0.511   34   40   17    8    0 |  54.9 A1   63% 75% |  144  0.58 |  3.9  3.9  3.9  3.9
 78.425 0.511   46   34   15    6    0 |  54.9 A1   85% 78% |  143  0.59 |  0.0  0.0  2.0  3.9
 78.936 0.499   44   40   11    5    0 |  45.4 F#1  21% 76% |  161  0.69 |  4.0  4.0  4.0  2.0
 79.435 0.511   33   48   14    5    0 |  85.0 F2   49% 76% |  158  0.54 |  3.9  3.9  3.9  2.0
 79.946 0.511   38   40   18    4    0 |  43.7 F1   56% 76% |  158  0.76 |  2.0  2.0  2.0  2.0
 80.457 0.511   41   37   16    5    0 |  49.3 G1   64% 87% |  137  0.52 |  3.9  2.0  2.0  2.0
 80.968 0.511   23   35   26   12    4 |  48.8 G1   66% 69% |  148  0.32 |  2.0  0.0  5.9  0.0
 81.479 0.499   31   43   19    6    1 |  56.8 A#1  51% 74% |  144  0.49 |  4.0  4.0  2.0  2.0
 81.978 0.511   29   32   13   22    3 |  57.3 A#1  29% 80% |  137  0.34 |  0.0  0.0  3.9  3.9
 82.489 0.511   34   36   13   16    1 |  57.8 A#1  54% 80% |  156  0.41 |  2.0  2.0  5.9  5.9
 83.000 0.511   23   32   26   17    2 |  58.1 A#1  55% 73% |  167  0.89 |  2.0  2.0  3.9  5.9
 83.511 0.511   22   38   14   25    2 |  73.0 D2   66% 69% |  180  0.53 |  2.0  2.0  3.9  5.9
 84.021 0.499   23   47   13   16    1 |  72.8 D2   41% 68% |  133  0.31 |  4.0  4.0  2.0  2.0
 84.521 0.499   31   57    6    2    3 |  72.9 D2   65% 74% |   88  0.07 |  4.0  2.0  4.0  6.0
 85.020 0.522   29   46   10    9    6 |  61.6 B1   12% 50% |   87  0.09 |  5.7  5.7  3.8  5.7
 85.542 0.511   27   29   20   22    2 |  54.4 A1   62% 67% |  203  0.99 |  3.9  0.0  0.0  3.9
 86.053 0.511   34   35   13   16    3 |  54.1 A1   45% 73% |  126  0.23 |  0.0  0.0  3.9  7.8
 86.564 0.499   38   35   13   14    1 |  55.4 A1   53% 60% |  203  0.94 |  0.0  0.0  4.0  2.0
 87.063 0.511   37   40   13    9    2 |  54.9 A1   83% 69% |  140  0.30 |  2.0  2.0  5.9  5.9
 87.574 0.511   33   44   16    5    1 |  44.4 F1   68% 78% |  132  0.39 |  0.0  0.0  2.0  3.9
 88.085 0.499   25   43   16   12    4 |  48.8 G1    7% 56% |  119  0.26 |  0.0  0.0  4.0  2.0
 88.584 0.511   26   41   15   13    4 |  49.2 G1   54% 73% |  140  0.43 |  2.0  2.0  2.0  3.9
 89.095 0.511   33   42   12   11    2 |  54.9 A1   29% 47% |  112  0.19 |  5.9  5.9  7.8  2.0
 89.606 0.511   36   38   17    8    2 |  57.3 A#1  51% 79% |  138  0.45 |  3.9  2.0  0.0  5.9
 90.117 0.511   29   31   11   27    1 |  56.6 A1   19% 82% |  152  0.42 |  3.9  2.0  3.9  3.9
 90.627 0.499   29   33   13   22    3 |  58.2 A#1  50% 80% |  157  0.38 |  2.0  2.0  6.0  2.0
 91.127 0.511   27   35   21   16    1 |  57.7 A#1  59% 80% |  196  1.09 |  3.9  3.9  3.9  3.9
 91.638 0.511   18   38   17   26    2 |  73.0 D2   60% 78% |  211  1.07 |  2.0  2.0  2.0  5.9
 92.148 0.511   23   50   12   14    1 |  73.2 D2   49% 80% |  134  0.38 |  3.9  2.0  3.9  3.9
 92.659 0.511   28   60    6    3    1 |  72.9 D2   66% 73% |   91  0.08 |  2.0  2.0  2.0  7.8
 93.170 0.511   29   47   11    7    6 |  62.0 B1   11% 55% |   95  0.14 |  3.9  3.9  5.9  3.9
 93.681 0.511   24   28   20   25    4 |  54.5 A1   68% 67% |  187  0.95 |  2.0  2.0  3.9  3.9
 94.192 0.511   31   34   15   19    1 |  54.8 A1   61% 75% |  145  0.38 |  0.0  0.0  2.0  3.9
 94.703 0.499   39   32   15   13    1 |  55.2 A1   72% 80% |  177  0.78 |  2.0  2.0  0.0  4.0
 95.202 0.511   30   43   16    9    1 |  54.8 A1   73% 79% |  137  0.34 |  5.9  2.0  5.9  3.9
 95.713 0.511   28   50   16    5    1 |  44.0 F1   68% 75% |  119  0.36 |  2.0  2.0  2.0  5.9
 96.223 0.511   22   30   12   35    1 |  47.1 F#1  21% 57% |  221  0.65 |  5.9  5.9  3.9  3.9
 96.734 0.511   10   26   32   20   12 |  49.1 G1   43% 92% |  216  1.12 |  0.0  0.0  3.9  3.9
 97.245 0.511    3    6   23   60    8 |  50.3 G1   75% 16% |  328  8.55 |  2.0  2.0  2.0  2.0
 97.756 0.522   22   26   26   21    4 |  58.2 A#1  100% 92% |  156  0.52 |  1.9  0.0  0.0  1.9
 98.278 0.499   17   15   11   54    4 |  58.2 A#1  100% 100% |  165  0.50 |  0.0  0.0  2.0  4.0
 98.778 0.499   11   10   17   55    6 |  58.1 A#1  79% 68% |  292  1.28 |  2.0  0.0  2.0  4.0
 99.277 0.499   12   21   38   25    4 |  58.2 A#1  83% 82% |  186  1.36 |  2.0  0.0  0.0  0.0
 99.776 0.511   20   36   17   23    4 |  73.1 D2   63% 75% |  195  0.85 |  2.0  2.0  2.0  3.9
100.287 0.511   20   45   12   22    1 |  73.3 D2   49% 76% |  172  0.52 |  3.9  3.9  3.9  5.9
100.798 0.499   28   54    7   10    1 |  72.9 D2   53% 68% |  105  0.13 |  2.0  2.0  4.0  6.0
101.297 0.511   29   53    9    6    3 |  69.9 C#2  19% 53% |   99  0.11 |  3.9  3.9  3.9  3.9
101.808 0.511   32   31   29    8    1 |  54.7 A1   66% 62% |  179  0.94 |  2.0  2.0  2.0  3.9
102.319 0.511   20   31   19   27    3 |  53.9 A1   70% 45% |  184  0.62 |  2.0  2.0  2.0  5.9
102.830 0.511   21   33   17   24    5 |  54.8 A1   55% 75% |  257  1.57 |  3.9  3.9  7.8  3.9
103.340 0.511   23   32   19   23    3 |  55.3 A1   61% 61% |  176  0.71 |  2.0  0.0  3.9  5.9
103.851 0.499   22   33   14   29    2 |  44.6 F1   62% 64% |  161  0.55 |  0.0  0.0  4.0  6.0
104.350 0.511   22   33   16   28    1 |  46.4 F#1  27% 51% |  158  0.62 |  0.0  0.0  3.9  5.9
104.861 0.511   25   30   16   25    3 |  48.9 G1   63% 58% |  183  0.85 |  2.0  2.0  3.9  5.9
105.372 0.511   35   42   11   10    2 |  55.6 A1   26% 53% |  102  0.19 |  7.8  7.8  7.8  5.9
105.883 0.499   35   39   17    8    1 |  57.3 A#1  59% 78% |  134  0.40 |  4.0  2.0  2.0  6.0
106.382 0.511   28   33   18   20    2 |  58.1 A#1  37% 80% |  170  0.64 |  2.0  2.0  3.9  5.9
106.893 0.511   30   33   13   20    5 |  57.4 A#1  38% 67% |  161  0.45 |  2.0  2.0  3.9  5.9
107.404 0.511   29   34   17   17    2 |  57.7 A#1  59% 80% |  197  0.88 |  3.9  2.0  3.9  7.8
107.915 0.511   19   34   16   28    3 |  72.9 D2   66% 73% |  224  0.95 |  2.0  2.0  2.0  5.9
108.426 0.499   20   44   11   24    1 |  72.7 D2   50% 76% |  169  0.42 |  4.0  4.0  4.0  6.0
108.925 0.511   25   46   15   12    1 |  72.4 D2   36% 65% |  159  0.66 |  5.9  3.9  2.0  5.9
109.436 0.511   32   45   11    7    5 |  57.1 A#1  12% 65% |  114  0.22 |  3.9  3.9  5.9  3.9
109.946 0.511   38   35   20    7    1 |  54.6 A1   69% 76% |  153  0.61 |  2.0  2.0  3.9  3.9
110.457 0.511   29   29   16   25    1 |  54.3 A1   53% 73% |  229  1.18 |  2.0  2.0  3.9  5.9
110.968 0.499   27   23    9   39    2 |  54.8 A1   72% 80% |  138  0.50 |  2.0  2.0  4.0  6.0
111.467 0.511   23   35   16   22    4 |  54.6 A1   64% 55% |  125  0.26 |  3.9  2.0  3.9  5.9
111.978 0.511   24   38   17   20    1 |  44.3 F1   60% 78% |  160  0.61 |  0.0  0.0  2.0  5.9
112.489 0.511   24   37   16   21    2 |  45.1 F#1  29% 47% |  237  1.17 |  5.9  2.0  3.9  3.9
113.000 0.511   28   32   13   23    5 |  49.0 G1   65% 61% |  226  1.14 |  0.0  0.0  2.0  3.9
113.511 0.511   31   40    9   16    4 |  55.1 A1   35% 50% |  132  0.21 |  5.9  3.9  5.9  0.0
114.022 0.511   31   29   24   14    3 |  58.1 A#1  90% 100% |  174  0.60 |  0.0  0.0  0.0  0.0
114.532 0.499   32   30   21   14    3 |  58.0 A#1  100% 100% |  130  0.38 |  0.0  0.0  0.0  4.0
115.032 0.511   21   19   21   35    4 |  58.0 A#1  84% 98% |  170  0.77 |  0.0  0.0  3.9  3.9
115.542 0.511    8   13   16   61    2 |  58.2 A#1  74% 92% |  278  1.80 |  2.0  2.0  2.0  0.0
116.053 0.511    0   38   13   40    9 |  73.0 D2   100% 100% |  221  0.78 |  0.0  0.0  0.0  0.0
116.564 0.511    0   47   33   18    3 |  73.0 D2   100% 100% |  204  0.89 |  0.0  0.0  0.0  2.0
117.075 0.511    0   18   26   44   12 |  73.0 D2   100% 100% |  268  2.37 |  0.0  0.0  2.0  3.9
117.586 0.499    0    8   15   74    2 |  72.9 D2   67% 72% |  291  2.66 |  2.0  2.0  2.0  0.0
118.085 0.511    6   24   47   22    0 |  54.7 A1   93% 88% |  243  1.87 |  0.0  0.0  0.0  2.0
118.596 0.511   14   37   37   10    2 |  54.7 A1   100% 100% |  157  0.67 |  0.0  0.0  0.0  0.0
119.107 0.511    4    4   17   73    2 |  54.7 A1   100% 45% |  288  3.01 |  0.0  0.0  2.0  2.0
119.618 0.511    4   19   38   38    1 |  54.8 A1   82% 73% |  219  1.35 |  3.9  0.0  2.0  2.0
120.128 0.511    3   34   41   18    5 |  87.5 F2   100% 100% |  180  1.04 |  0.0  0.0  0.0  2.0
120.639 0.511    2   39   25   30    5 |  87.7 F2   96% 94% |  253  1.32 |  0.0  0.0  0.0  0.0
121.150 0.499    4   48   37    9    2 |  87.3 F2   51% 90% |  177  0.84 |  2.0  0.0  0.0  0.0
121.649 0.499    2   13   59   25    1 |  51.4 G#1  75% 16% |  294 70.70 |  2.0  0.0  0.0  0.0
122.149 0.511   11   25   49   15    0 |  58.5 A#1  100% 92% |  208  1.35 |  2.0  0.0  0.0  0.0
122.659 0.511   11   14   42   13   20 |  58.3 A#1  100% 98% |  205  1.55 |  0.0  0.0  2.0  2.0
123.170 0.511    4    4   44   45    4 |  58.3 A#1  64% 27% |  344 10.90 |  0.0  0.0  2.0  0.0
123.681 0.511    3    8   25   56    7 |  58.2 A#1  68% 49% |  328  4.17 |  3.9  2.0  3.9  2.0
124.192 0.499    0   19   20   57    4 |  73.2 D2   100% 100% |  312  2.94 |  0.0  0.0  0.0  0.0
124.691 0.499    0   24   45   28    3 |  73.1 D2   100% 100% |  233  1.35 |  0.0  0.0  2.0  2.0
125.190 0.511    0    8   28   60    4 |  73.0 D2   98% 78% |  298  3.46 |  2.0  0.0  2.0  0.0
125.701 0.511    0    4   28   66    2 |  86.9 F2   100% 37% |  359 12.77 |  0.0  0.0  2.0  2.0
126.212 0.511    0    7   49   42    2 | 109.6 A2   100% 90% |  348  9.19 |  2.0  2.0  2.0  0.0
126.723 0.522    0   13   54   25    7 | 109.3 A2   100% 12% |  282  4.09 |  0.0  0.0  0.0  0.0
127.245 0.499    0    1   22   58   18 |   0.0 -     0%  0% |  366 59.00 |  0.0  0.0  2.0  2.0
127.745 0.511    0    6   74   16    5 | 109.5 A2   100% 43% |  306 12.72 |  3.9  0.0  3.9  2.0
128.255 0.511    0    4   71   21    3 |   0.0 -     0%  0% |  303 17.59 |  0.0  0.0  0.0  0.0
128.766 0.511    0    4   45   42    9 |   0.0 -     0%  0% |  343 20.24 |  0.0  0.0  0.0  0.0
129.277 0.499    0    5   45   32   18 |   0.0 -     0%  0% |  284 11.66 |  2.0  0.0  4.0  4.0
129.776 0.511    0    9   29   37   25 | 138.7 C#3  67%  6% |  249  5.75 |  2.0  2.0  5.9  3.9
130.287 0.511   29   32   18   11   10 |  57.6 A#1  61% 55% |  129  0.40 |  0.0  0.0  3.9  0.0
130.798 0.499   36   37   10   10    8 |  70.2 C#2  21% 76% |  124  0.28 |  6.0  4.0  4.0  2.0
131.297 0.511   27   25   11   31    5 |  53.1 G#1  65% 39% |  324  6.71 |  3.9  3.9  3.9  3.9
131.808 0.511   27   24   11   27   11 |  57.7 A#1  66% 80% |  173  0.63 |  2.0  2.0  2.0  5.9
132.319 0.511   27   40   18   11    5 |  72.5 D2   59% 75% |  137  0.36 |  2.0  2.0  3.9  3.9
132.830 0.511   25   43   16   11    5 |  72.6 D2   34% 75% |  144  0.40 |  3.9  3.9  3.9  2.0
133.341 0.511   19   32   14   30    4 |  73.1 D2   56% 76% |  205  0.76 |  3.9  3.9  3.9  5.9
133.851 0.499   22   36   12   21   10 |  73.3 D2   65% 74% |  194  0.73 |  4.0  2.0  2.0  4.0
134.351 0.511   23   30   24   15    8 |  54.0 A1   68% 73% |  189  0.77 |  2.0  2.0  3.9  2.0
134.861 0.511   29   33   14   20    4 |  54.8 A1   42% 65% |  165  0.51 |  2.0  0.0  3.9  3.9
135.372 0.511   33   29   12   23    3 |  54.9 A1   93% 81% |  199  0.83 |  2.0  2.0  2.0  3.9
135.883 0.511   33   29   13   20    5 |  49.1 G1    0% 71% |  218  1.23 |  3.9  3.9  3.9  3.9
136.394 0.499   31   37   12   17    3 |  55.0 A1    8% 74% |  221  1.54 |  2.0  2.0  2.0  4.0
136.893 0.511   29   31   18   17    5 |  50.3 G1   12% 51% |  168  0.58 |  2.0  2.0  3.9  3.9
137.404 0.511   36   35   18    8    4 |  49.1 G1   52% 78% |  146  0.48 |  2.0  2.0  2.0  2.0
137.915 0.511   36   45    9    6    5 |  55.1 A1   16% 60% |  100  0.13 |  7.8  7.8  7.8  5.9
138.426 0.499   40   41    9    7    4 |  57.2 A#1  53% 76% |   89  0.12 |  2.0  2.0  4.0  6.0
138.925 0.511   34   40    9   10    6 |  69.8 C#2  20% 69% |  125  0.29 |  5.9  5.9  3.9  3.9
139.436 0.511   26   28    8   32    5 |  52.4 G#1  65% 39% |  352  5.24 |  3.9  2.0  2.0  3.9
139.947 0.511   27   27   10   25   11 |  58.2 A#1  60% 78% |  191  0.67 |  2.0  2.0  2.0  3.9
140.458 0.511   26   40   15   14    5 |  73.1 D2   55% 61% |  168  0.59 |  2.0  2.0  2.0  3.9
140.968 0.499   29   42   13   12    5 |  72.3 D2   35% 74% |  152  0.54 |  4.0  2.0  2.0  2.0
141.468 0.511   18   35   13   29    4 |  73.4 D2   66% 67% |  192  0.70 |  0.0  0.0  2.0  3.9
141.978 0.511   23   27   18   22   10 |  72.9 D2   57% 73% |  215  1.19 |  3.9  3.9  2.0  3.9
142.489 0.511   22   28   30   13    6 |  53.6 A1   65% 73% |  193  0.90 |  3.9  2.0  2.0  2.0
143.000 0.511   28   30   18   20    4 |  55.0 A1   27% 65% |  150  0.55 |  3.9  3.9  3.9  3.9
143.511 0.499   37   29   12   18    4 |  54.9 A1   73% 82% |  170  0.53 |  2.0  2.0  2.0  2.0
144.010 0.511   31   29   11   23    6 |  45.4 F#1  17% 80% |  212  1.17 |  2.0  2.0  3.9  5.9
144.521 0.511   16   19   28   29    8 |  45.4 F#1  20% 94% |  201  0.95 |  0.0  0.0  2.0  2.0
145.032 0.511    9   29   32   23    8 |  43.7 F1   69% 71% |  168  1.14 |  2.0  2.0  3.9  3.9
145.543 0.511   25   14   28   23   11 |  46.8 F#1   4% 98% |  176  0.77 |  2.0  0.0  2.0  3.9
146.054 0.511   17   15    8   30   29 |  48.9 G1   55% 86% |  150  0.34 |  0.0  0.0  2.0  3.9
146.564 0.499    0    3   54   37    6 | 100.4 G2   100% 10% |  349 27.67 |  0.0  0.0  2.0  2.0
147.064 0.511    0    1   43   37   18 |   0.0 -     0%  0% |  322 41.39 |  2.0  0.0  0.0  3.9
147.574 0.511    0    1   21   69    9 |   0.0 -     0%  0% |  379 47.49 |  0.0  0.0  5.9  5.9
148.085 0.511    0    1    3   88    9 |   0.0 -     0%  0% |  421 99.00 |  2.0  0.0  0.0  0.0
148.596 0.499    0    1   30   57   12 |   0.0 -     0%  0% |  388 83.41 |  0.0  0.0  0.0  4.0
149.095 0.522    0    1   22   51   26 |   0.0 -     0%  0% |  371 39.05 |  7.7  3.8  1.9  3.8
149.618 0.499    0    1   34   55   10 |   0.0 -     0%  0% |  349 87.92 |  0.0  0.0  2.0  4.0
150.117 0.511    0    1   14   67   18 |   0.0 -     0%  0% |  344 99.00 |  3.9  0.0  0.0  3.9
150.628 0.511    0    3   44   48    5 |   0.0 -     0%  0% |  356 42.10 |  3.9  2.0  3.9  3.9
151.139 0.511    0    1   43   42   14 |   0.0 -     0%  0% |  325 40.40 |  2.0  0.0  0.0  3.9
151.650 0.499    0    0   19   66   14 |   0.0 -     0%  0% |  372 99.00 |  4.0  2.0  2.0  2.0
152.149 0.511    0    0   16   75    9 |   0.0 -     0%  0% |  390 99.00 |  2.0  0.0  2.0  3.9
152.660 0.511    0    2   47   49    2 |   0.0 -     0%  0% |  335 42.13 |  5.9  2.0  0.0  5.9
153.170 0.511    0    1   42   37   21 |   0.0 -     0%  0% |  319 99.00 |  2.0  0.0  2.0  2.0
153.681 0.499    0    1   24   70    5 |   0.0 -     0%  0% |  324 28.70 |  0.0  0.0  0.0  4.0
154.180 0.511    0    0   12   69   20 |   0.0 -     0%  0% |  457 98.63 |  0.0  0.0  2.0  3.9
154.691 0.511    0    1   50   47    2 |   0.0 -     0%  0% |  360 99.00 |  0.0  0.0  0.0  5.9
155.202 0.511    0    0   29   48   23 |   0.0 -     0%  0% |  347 99.00 |  2.0  0.0  2.0  2.0
155.713 0.511    0    0   12   84    3 |   0.0 -     0%  0% |  399 99.00 |  3.9  0.0  2.0  5.9
156.224 0.511    0    0   32   59    9 |   0.0 -     0%  0% |  351 99.00 |  2.0  2.0  2.0  2.0
156.735 0.499    0    4   59   32    5 | 117.2 A#2  100% 22% |  337 26.50 |  2.0  0.0  2.0  2.0
157.234 0.511    0    0   44   45   11 |   0.0 -     0%  0% |  365 99.00 |  3.9  0.0  0.0  0.0
157.745 0.511    0    0   32   62    6 |   0.0 -     0%  0% |  328 99.00 |  3.9  0.0  2.0  2.0
158.256 0.511    0    0   15   68   17 |   0.0 -     0%  0% |  305 69.00 |  3.9  0.0  0.0  3.9
158.766 0.499    0    4   47   46    4 |   0.0 -     0%  0% |  355 22.86 |  4.0  4.0  0.0  4.0
159.266 0.511    0    1   32   39   28 |   0.0 -     0%  0% |  366 49.30 |  2.0  0.0  0.0  0.0
159.777 0.511    0    0   15   78    7 |   0.0 -     0%  0% |  360 54.19 |  3.9  0.0  2.0  5.9
160.287 0.511    0    1   12   67   20 |   0.0 -     0%  0% |  337 99.00 |  3.9  0.0  0.0  2.0
160.798 0.511    0    2   36   53    9 |   0.0 -     0%  0% |  377 29.08 |  0.0  0.0  2.0  5.9
161.309 0.511    0    0   23   33   43 |   0.0 -     0%  0% |  358 84.56 |  2.0  0.0  0.0  3.9
161.820 0.499    0    1   28   63    8 |   0.0 -     0%  0% |  404 80.33 |  0.0  0.0  0.0  2.0
162.319 0.511    0    0   23   56   21 |   0.0 -     0%  0% |  392 99.00 |  2.0  0.0  2.0  3.9
162.830 0.511    0    2   59   36    2 |   0.0 -     0%  0% |  347 46.11 |  2.0  0.0  0.0  0.0
163.341 0.511    0    1   39   36   24 |   0.0 -     0%  0% |  331 58.68 |  0.0  0.0  2.0  2.0
163.852 0.511    0    0   20   77    3 |   0.0 -     0%  0% |  485 99.00 |  0.0  0.0  0.0  0.0
164.362 0.511    0    1    5   84   11 |   0.0 -     0%  0% |  433 99.00 |  2.0  0.0  0.0  2.0
164.873 0.511    0    1   29   63    7 |   0.0 -     0%  0% |  376 64.93 |  0.0  0.0  0.0  0.0
165.384 0.499    0    1   34   62    3 |   0.0 -     0%  0% |  390 69.19 |  4.0  0.0  0.0  0.0
165.883 0.511    0    0   23   76    2 |   0.0 -     0%  0% |  420 99.00 |  2.0  0.0  0.0  0.0
166.394 0.499    0    1   11   85    3 |   0.0 -     0%  0% |  358 99.00 |  8.0  0.0  0.0  0.0
166.893 0.499    0    2   42   54    1 |   0.0 -     0%  0% |  347 27.64 |  0.0  0.0  0.0  0.0
167.393 0.499    0    1   40   57    1 |   0.0 -     0%  0% |  352 28.25 |  4.0  0.0  2.0  0.0
167.892 0.511    0    0   12   84    3 |   0.0 -     0%  0% |  393 99.00 |  5.9  0.0  3.9  3.9
168.403 0.511    0    0   13   85    2 |   0.0 -     0%  0% |  389 99.00 |  0.0  0.0  0.0  2.0
168.914 0.511    0    1   40   55    4 |   0.0 -     0%  0% |  353 79.36 |  2.0  0.0  0.0  0.0
169.424 0.511    0    0   44   53    2 |   0.0 -     0%  0% |  336 99.00 |  0.0  0.0  0.0  0.0
169.935 0.511    0    1   25   71    3 |   0.0 -     0%  0% |  311 36.63 |  0.0  0.0  0.0  0.0
170.446 0.511    0    0   16   80    4 |   0.0 -     0%  0% |  405 74.36 |  0.0  0.0  0.0  0.0
170.957 0.511    0    1   46   51    2 |   0.0 -     0%  0% |  363 75.17 |  3.9  0.0  0.0  0.0
171.468 0.522    0    0   33   60    7 |   0.0 -     0%  0% |  337 99.00 |  3.8  0.0  1.9  0.0
171.990 0.511    0    0   12   71   16 |   0.0 -     0%  0% |  410 99.00 |  3.9  0.0  2.0  5.9
172.501 0.522    0    0   69   24    7 |   0.0 -     0%  0% |  337 99.00 |  1.9  0.0  1.9  0.0
173.023 0.522    0    5   56   35    4 | 117.1 A#2  100% 15% |  338 17.51 |  1.9  0.0  0.0  0.0
173.546 0.522    0    0   55   39    5 |   0.0 -     0%  0% |  351 99.00 |  3.8  0.0  1.9  0.0
174.068 0.534    0    0   41   49   10 |   0.0 -     0%  0% |  341 99.00 |  5.6  0.0  0.0  0.0
174.602 0.522    0    0   30   57   13 |   0.0 -     0%  0% |  341 99.00 |  3.8  0.0  1.9  0.0
175.125 0.522    0    0    5   79   15 |   0.0 -     0%  0% |  434 99.00 |  1.9  0.0  0.0  0.0
175.647 0.534    0    0    2   86   12 |   0.0 -     0%  0% |  500 99.00 |  3.7  0.0  0.0  0.0
176.181 0.534    0    0    3   92    5 |   0.0 -     0%  0% |  494 99.00 |  0.0  0.0  0.0  0.0
176.715 0.534    0    0    2   96    2 |   0.0 -     0%  0% |  495 99.00 |  0.0  0.0  0.0  0.0
177.250 0.534    0    0    2   97    1 |   0.0 -     0%  0% |  491 99.00 |  0.0  0.0  0.0  0.0
177.784 0.546    0    0   14   83    3 |   0.0 -     0%  0% |  518 99.00 |  1.8  1.8  1.8  1.8
178.329 0.522    0    5   23   46   25 |   0.0 -     0%  0% |  317 10.23 |  5.7  3.8  3.8  3.8
178.852 0.511   23   28   15   21   13 |  57.8 A#1  50% 42% |  182  0.88 |  3.9  3.9  3.9  3.9
179.363 0.499   30   34   16   11    9 |  55.7 A1   22% 54% |  122  0.30 |  4.0  4.0  6.0  2.0
179.862 0.511   28   35   12   20    5 |  68.9 C#2   8% 73% |  144  0.49 |  3.9  3.9  3.9  3.9
180.373 0.511   23   27   11   31    8 |  57.2 A#1  52% 49% |  258  1.91 |  3.9  2.0  2.0  3.9
180.883 0.511   27   34   12   18    8 |  57.9 A#1  65% 67% |  178  0.65 |  3.9  3.9  2.0  3.9
181.394 0.499   28   37   14   16    6 |  72.8 D2   56% 72% |  180  0.64 |  2.0  2.0  4.0  2.0
181.894 0.511   22   31   18   24    4 |  70.1 C#2  17% 71% |  185  1.02 |  5.9  3.9  3.9  3.9
182.404 0.511   17   38   17   22    5 |  73.2 D2   68% 73% |  157  0.58 |  2.0  0.0  2.0  3.9
182.915 0.511   28   27   21   14   11 |  66.5 C2    0% 78% |  236  1.31 |  2.0  2.0  2.0  2.0
183.426 0.511   32   30   17   15    6 |  54.1 A1   44% 63% |  178  0.64 |  2.0  2.0  3.9  5.9
183.937 0.499   30   27   13   28    3 |  55.8 A1   39% 72% |  186  0.66 |  4.0  4.0  4.0  4.0
184.436 0.511   35   26   11   24    5 |  54.9 A1   65% 78% |  210  1.07 |  2.0  2.0  2.0  3.9
184.947 0.511   33   33   16   15    4 |  45.2 F#1  34% 69% |  192  1.04 |  3.9  3.9  3.9  7.8
185.458 0.511   28   29   19   18    6 |  59.7 A#1   5% 71% |  220  1.81 |  2.0  2.0  2.0  5.9
185.969 0.511   32   34   19   12    3 |  46.5 F#1  31% 57% |  166  0.62 |  3.9  3.9  3.9  3.9
186.479 0.499   34   37   13   10    6 |  50.1 G1   78% 82% |  143  0.46 |  0.0  0.0  2.0  4.0
186.979 0.511   39   45   10    4    3 |  57.4 A#1  42% 71% |  102  0.18 |  3.9  3.9  3.9  5.9
187.490 0.511   31   37   15   11    6 |  55.4 A1   13% 59% |  159  0.48 |  2.0  2.0  5.9  3.9
188.000 0.511   28   35   11   21    5 |  69.8 C#2  19% 73% |  148  0.52 |  2.0  2.0  2.0  3.9
188.511 0.511   25   28   12   28    8 |  57.3 A#1  55% 42% |  252  2.23 |  2.0  2.0  2.0  3.9
189.022 0.499   29   32   12   19    8 |  58.1 A#1  71% 76% |  165  0.58 |  2.0  2.0  2.0  4.0
189.521 0.511   28   36   15   16    6 |  72.6 D2   53% 71% |  167  0.59 |  3.9  3.9  5.9  3.9
190.032 0.511   19   39   18   21    4 |  73.0 D2   53% 67% |  153  0.55 |  3.9  2.0  2.0  2.0
190.543 0.511   20   30   17   28    6 |  73.3 D2   57% 78% |  213  0.97 |  2.0  2.0  2.0  3.9
191.054 0.511   15   34   28   14    9 |  73.3 D2   54% 76% |  184  0.73 |  3.9  3.9  2.0  2.0
191.565 0.499   27   33   19   15    6 |  53.2 G#1  35% 67% |  181  0.64 |  2.0  2.0  2.0  4.0
192.064 0.511   36   29   13   19    3 |  56.0 A1   71% 75% |  184  0.62 |  3.9  3.9  2.0  3.9
192.575 0.511   37   29   10   19    5 |  54.9 A1   67% 76% |  187  0.74 |  2.0  2.0  2.0  3.9
193.086 0.511   30   34   22   11    4 |  44.9 F1   53% 71% |  184  1.23 |  3.9  3.9  3.9  9.8
193.596 0.511   30   34   14   17    6 |  85.9 F2   46% 76% |  185  0.87 |  3.9  2.0  2.0  3.9
194.107 0.511   31   38   19    9    3 |  47.8 G1   10% 58% |  138  0.47 |  5.9  3.9  3.9  5.9
194.618 0.511   31   13   18   24   14 |  49.2 G1   90% 100% |  139  0.48 |  0.0  0.0  2.0  2.0
195.129 0.499   31   33   13   11   12 |  97.2 G2   51% 78% |  157  0.32 |  2.0  2.0  6.0  4.0
195.628 0.511   30   31   10   19    9 |  56.9 A#1  27% 59% |  171  0.47 |  3.9  3.9  3.9  2.0
196.139 0.511   26   32   14   24    5 |  69.6 C#2  19% 73% |  172  0.82 |  3.9  3.9  3.9  7.8
196.650 0.511   24   24   12   33    8 |  57.9 A#1  35% 51% |  266  2.56 |  3.9  2.0  3.9  5.9
197.161 0.499   26   29   14   22    9 |  57.8 A#1  61% 72% |  174  0.91 |  2.0  2.0  2.0  4.0
197.660 0.511   28   35   12   18    7 |  73.2 D2   51% 67% |  153  0.40 |  3.9  3.9  5.9  5.9
198.171 0.511   18   40   16   22    4 |  72.6 D2   37% 80% |  158  0.50 |  2.0  2.0  3.9  5.9
198.682 0.511   19   31   17   26    7 |  73.3 D2   61% 75% |  192  0.95 |  3.9  3.9  2.0  3.9
199.192 0.511   17   28   22   19   13 |  72.5 D2   49% 76% |  231  1.18 |  2.0  2.0  2.0  2.0
199.703 0.499   30   32   15   17    6 |  52.6 G#1  26% 70% |  187  0.69 |  2.0  2.0  4.0  2.0
200.202 0.511   25   25   15   31    4 |  53.4 G#1  28% 71% |  187  0.66 |  3.9  3.9  3.9  7.8
200.713 0.511   27   24   12   32    6 |  54.9 A1   60% 77% |  230  0.92 |  2.0  2.0  2.0  9.8
201.224 0.511   31   34   17   14    4 |  44.2 F1   55% 65% |  195  0.83 |  2.0  2.0  2.0  5.9
201.735 0.499   26   35   16   17    6 |  87.1 F2   51% 70% |  212  0.90 |  2.0  2.0  2.0  4.0
202.234 0.511   28   32   20   15    4 |  48.5 G1   26% 45% |  204  1.03 |  2.0  2.0  3.9  5.9
202.745 0.511   36   28   12   17    7 |  50.0 G1   73% 73% |  162  0.58 |  2.0  0.0  2.0  7.8
203.256 0.511   42   40    6    9    3 |  58.5 A#1  29% 67% |  109  0.17 |  3.9  3.9  5.9  5.9
203.767 0.499   29   33   16   16    6 |  56.2 A1   14% 55% |  197  0.63 |  0.0  0.0  6.0  6.0
204.266 0.511   25   31   12   26    5 |  65.1 C2    0% 71% |  171  0.80 |  3.9  3.9  2.0  5.9
204.777 0.511   22   24   12   33    8 |  56.0 A1   48% 45% |  250  1.56 |  2.0  2.0  2.0  3.9
205.288 0.511   24   33    9   27    8 |  58.3 A#1  65% 73% |  186  0.64 |  3.9  3.9  2.0  3.9
205.798 0.511   26   32   15   20    7 |  70.6 C#2  17% 71% |  163  0.55 |  3.9  3.9  3.9  5.9
206.309 0.511   16   42   15   23    4 |  72.9 D2   45% 77% |  163  0.42 |  2.0  2.0  2.0  5.9
206.820 0.499   19   27   15   33    6 |  73.3 D2   58% 72% |  196  0.83 |  4.0  4.0  0.0  4.0
207.319 0.511   25   29   21   17    8 |  73.1 D2   46% 80% |  200  0.74 |  2.0  2.0  2.0  2.0
207.830 0.511   31   27   19   16    6 |  52.9 G#1  32% 73% |  192  0.75 |  5.9  3.9  3.9  3.9
208.341 0.511   33   24   15   25    4 |  54.5 A1   42% 71% |  178  0.59 |  2.0  2.0  2.0  5.9
208.852 0.499   29   25   14   27    5 |  54.8 A1   63% 76% |  227  1.43 |  0.0  0.0  2.0  6.0
209.351 0.511   15   18   27   33    8 |  43.7 F1   100% 92% |  234  1.38 |  2.0  2.0  2.0  7.8
209.862 0.511    8   26   25   30   11 |  65.2 C2    0% 92% |  196  0.96 |  0.0  0.0  2.0  5.9
210.373 0.511   14   24   29   26    8 |  43.7 F1   80% 69% |  175  0.81 |  0.0  0.0  3.9  5.9
210.884 0.511   19    7   19   40   16 |  49.0 G1   94% 92% |  182  1.01 |  0.0  0.0  3.9  3.9
211.394 0.511    0   13   14   30   42 |  97.1 G2   100% 41% |  373  3.82 |  0.0  0.0  0.0  3.9
211.905 0.511    0    0    5   84   11 |   0.0 -     0%  0% |  402 26.95 |  3.9  2.0  2.0  0.0
212.416 0.511    0    0    3   87   10 |   0.0 -     0%  0% |  434 73.18 |  3.9  0.0  0.0  0.0
212.927 0.511    0    0   10   82    8 |   0.0 -     0%  0% |  369 35.79 |  2.0  0.0  2.0  0.0
213.438 0.511    0    0    7   83    9 |   0.0 -     0%  0% |  392 31.32 |  2.0  0.0  0.0  0.0
213.949 0.511    0    0    2   91    6 |   0.0 -     0%  0% |  356  9.24 |  2.0  0.0  2.0  0.0
214.460 0.511    0    0    3   93    4 |   0.0 -     0%  0% |  409 87.27 |  3.9  0.0  2.0  0.0
214.970 0.511    0    0    7   88    5 |   0.0 -     0%  0% |  376 47.89 |  2.0  0.0  2.0  0.0
215.481 0.511    0    0    6   91    3 |   0.0 -     0%  0% |  340 32.02 |  2.0  0.0  0.0  0.0
215.992 0.511    0    0   10   86    4 |   0.0 -     0%  0% |  325 99.00 |  0.0  0.0  2.0  0.0
216.503 0.511    0    0    6   90    4 |   0.0 -     0%  0% |  363 99.00 |  0.0  0.0  0.0  0.0
217.014 0.511    0    0    9   86    4 |   0.0 -     0%  0% |  363 99.00 |  2.0  0.0  0.0  0.0
217.525 0.499    0    0    2   95    2 |   0.0 -     0%  0% |  519 99.00 |  0.0  0.0  2.0  0.0
218.024 0.511    0    0    7   90    2 |   0.0 -     0%  0% |  444 99.00 |  3.9  0.0  0.0  0.0
218.535 0.499    0    0    7   91    2 |   0.0 -     0%  0% |  367 99.00 |  0.0  0.0  2.0  0.0
219.034 0.499    0    0    4   94    2 |   0.0 -     0%  0% |  427 99.00 |  2.0  0.0  0.0  0.0
219.533 0.511    0    0    4   94    2 |   0.0 -     0%  0% |  380 99.00 |  3.9  0.0  0.0  0.0
220.044 0.511    0    1   11   84    4 |   0.0 -     0%  0% |  355 16.54 |  2.0  0.0  0.0  2.0
220.555 0.511    0    0    3   95    2 |   0.0 -     0%  0% |  430 70.79 |  3.9  0.0  0.0  0.0
221.066 0.499    0    1    9   89    2 |   0.0 -     0%  0% |  366 26.30 |  2.0  0.0  0.0  0.0
221.565 0.511    0    1    7   91    2 |   0.0 -     0%  0% |  364 14.94 |  0.0  0.0  0.0  0.0
222.076 0.511    0    1    5   91    3 |   0.0 -     0%  0% |  311  8.03 |  0.0  0.0  0.0  0.0
222.586 0.511    0    0    5   92    3 |   0.0 -     0%  0% |  398 87.16 |  3.9  2.0  3.9  0.0
223.097 0.511    0    0    4   95    2 |   0.0 -     0%  0% |  393 66.85 |  2.0  0.0  0.0  0.0
223.608 0.522    0    0    4   95    1 |   0.0 -     0%  0% |  351 99.00 |  0.0  0.0  0.0  0.0
224.131 0.511    0    0    4   94    3 |   0.0 -     0%  0% |  382 99.00 |  0.0  0.0  2.0  0.0
224.641 0.511    0    0    3   95    2 |   0.0 -     0%  0% |  394 99.00 |  0.0  0.0  0.0  0.0
225.152 0.511    0    0    6   92    2 |   0.0 -     0%  0% |  333 99.00 |  0.0  0.0  0.0  0.0
225.663 0.511    0    0    4   88    8 |   0.0 -     0%  0% |  483 99.00 |  0.0  0.0  0.0  0.0
226.174 0.511    0    0    6   86    7 |   0.0 -     0%  0% |  435 99.00 |  2.0  0.0  0.0  0.0
226.685 0.511    0    0    8   90    2 |   0.0 -     0%  0% |  296 99.00 |  3.9  0.0  0.0  0.0
227.196 0.511    0    0    5   93    2 |   0.0 -     0%  0% |  345 99.00 |  2.0  0.0  0.0  0.0
227.706 0.511    0    0    7   89    4 |   0.0 -     0%  0% |  549 99.00 |  0.0  0.0  0.0  0.0
228.217 0.511    0    0    1   97    2 |   0.0 -     0%  0% |  580 99.00 |  0.0  0.0  0.0  0.0
228.728 0.511    0    0    1   98    1 |   0.0 -     0%  0% |  582 99.00 |  0.0  0.0  0.0  0.0
229.239 0.511    0    0    0   99    1 |   0.0 -     0%  0% |  585 99.00 |  0.0  0.0  0.0  0.0
229.750 0.499    0    0    0   99    1 |   0.0 -     0%  0% |  585 99.00 |  0.0  0.0  0.0  0.0
230.249 0.511    0    0    0   99    1 |   0.0 -     0%  0% |  581 99.00 |  0.0  0.0  0.0  0.0
230.760 0.511    0    0    0   98    2 |   0.0 -     0%  0% |  580 99.00 |  0.0  0.0  0.0  0.0
231.271 0.511    0    0    0   96    4 |   0.0 -     0%  0% |  572 80.50 |  0.0  0.0  0.0  0.0
231.782 0.511    0    0    0   91    9 |   0.0 -     0%  0% |  580 99.00 |  0.0  0.0  0.0  0.0
232.292 0.511    0    0    1   76   22 |   0.0 -     0%  0% |  521 11.72 |  0.0  0.0  0.0  0.0
