# IBelongHere  grain bar (113 slices, bar-synchronous on the 117.45 bpm grid)  STFT 8192
   t(s)   dur  sub bass  lm  mid high | f0Hz note held vcd | cen   h/f | low click mid high
  1.637 2.032    0    3   37   60    0 |   0.0 -     0%  0% |  371 19.75 |  1.5  0.5  0.5  0.5
  3.669 2.043    0    5   57   37    0 |   0.0 -     0%  0% |  320 15.59 |  2.9  0.5  0.5  0.5
  5.712 2.043    0    8   52   40    1 |   0.0 -     0%  0% |  309  4.69 |  2.5  0.0  0.5  0.0
  7.755 2.020    0    1   21   77    0 |   0.0 -     0%  0% |  472 89.37 |  4.0  1.0  2.5  1.0
  9.776 2.032    0    4   28   67    1 |   0.0 -     0%  0% |  402 12.04 |  3.9  1.5  1.5  0.5
 11.807 2.043    0    3   35   60    2 |   0.0 -     0%  0% |  349 15.95 |  3.9  1.5  2.0  2.5
 13.851 2.032    0    8   32   53    7 |   0.0 -     0%  0% |  330  4.00 |  1.5  0.5  1.0  3.5
 15.882 2.032   38   28   14   18    3 |  57.8 A#1  48% 58% |  163  0.48 |  3.5  2.5  3.5  3.9
 17.914 2.032   33   38   10   18    1 |  71.5 D2   42% 75% |  146  0.39 |  2.5  2.0  3.0  4.4
 19.946 2.032   40   28   17   12    3 |  54.9 A1   55% 70% |  141  0.48 |  3.0  3.0  3.0  4.4
 21.978 2.043   38   34   16   10    2 |  49.0 G1   18% 69% |  127  0.35 |  2.5  2.0  3.4  4.4
 24.021 2.032   46   25   11   15    2 |  57.5 A#1  36% 72% |  129  0.32 |  3.0  2.0  3.9  4.9
 26.053 2.032   29   39   14   15    3 |  71.9 D2   44% 75% |  138  0.37 |  2.5  2.5  2.5  4.9
 28.085 2.032   41   29   16   10    3 |  55.1 A1   55% 68% |  135  0.41 |  2.0  2.0  3.9  3.9
 30.116 2.043   32   32   17   15    4 |  48.6 G1   16% 76% |  138  0.36 |  2.5  1.0  2.9  3.9
 32.160 2.020   34   22   21   20    4 |  57.2 A#1  38% 65% |  168  0.63 |  2.0  2.0  2.5  5.0
 34.180 2.032   31   37   16   15    1 |  71.0 C#2  35% 79% |  150  0.42 |  2.0  2.0  2.5  5.4
 36.212 2.043   40   30   12   16    3 |  54.9 A1   56% 70% |  140  0.38 |  3.4  2.9  3.4  5.4
 38.255 2.032   31   29   12   26    2 |  49.1 G1   18% 63% |  142  0.41 |  2.0  2.0  2.5  5.9
 40.287 2.032   45   28   12   12    3 |  57.9 A#1  47% 73% |  124  0.28 |  3.9  3.5  4.9  4.9
 42.318 2.032   30   38   12   17    2 |  72.2 D2   41% 75% |  135  0.33 |  3.5  2.5  2.5  4.9
 44.350 2.032   36   26   11   25    3 |  54.5 A1   43% 70% |  137  0.38 |  3.0  3.0  3.9  4.9
 46.382 2.043   36   35   13   13    3 |  49.1 G1   21% 71% |  128  0.33 |  2.0  2.0  2.9  4.9
 48.425 2.032   46   26   15    9    4 |  58.4 A#1  82% 82% |  147  0.52 |  1.5  1.5  3.0  2.0
 50.457 2.032    4   23   22   46    5 |  73.0 D2   83% 96% |  245  1.59 |  0.5  0.5  1.0  1.5
 52.489 2.043    6   14   23   55    2 |  54.7 A1   75% 79% |  240  1.71 |  0.5  0.0  0.5  1.0
 54.532 2.032    4   31   33   28    3 |  87.2 F2   60% 82% |  211  1.03 |  2.0  0.5  1.0  0.5
 56.564 2.032   11   12   39   33    5 |  58.1 A#1  92% 65% |  264  2.72 |  2.0  0.5  2.5  0.5
 58.596 2.020    2   15   22   56    5 |  73.0 D2   90% 87% |  295  3.12 |  0.5  0.0  1.5  1.0
 60.616 2.043    0    7   37   48    7 | 109.6 A2   83% 54% |  328  8.60 |  0.5  0.0  1.5  1.0
 62.659 2.032    0    7   59   25    9 | 109.8 A2   100% 17% |  310 17.45 |  2.5  1.5  2.5  1.0
 64.691 2.032   33   26   13   20    8 |  55.9 A1   25% 39% |  212  0.99 |  3.5  3.0  4.4  2.0
 66.723 2.043   33   36   10   19    3 |  60.9 B1    4% 76% |  141  0.30 |  3.4  2.5  2.9  2.0
 68.766 2.032   38   30   16   13    3 |  54.9 A1   63% 78% |  161  0.57 |  2.5  2.5  2.5  2.0
 70.798 2.032   46   32   14    7    0 |  50.0 G1   23% 76% |  140  0.45 |  2.5  2.5  3.0  3.0
 72.829 2.032   48   31    9   11    1 |  55.9 A1   25% 56% |  105  0.21 |  3.0  2.5  3.0  3.0
 74.861 2.032   36   29   13   20    3 |  59.8 A#1  10% 76% |  168  0.57 |  2.5  2.0  2.5  2.5
 76.893 2.043   40   26   20   12    3 |  54.9 A1   59% 76% |  150  0.60 |  2.5  1.5  2.0  2.0
 78.936 2.032   48   33   14    5    0 |  49.2 G1   22% 79% |  147  0.50 |  3.5  3.0  3.0  2.0
 80.968 2.032   40   27   15   15    2 |  57.4 A#1  35% 76% |  144  0.42 |  2.0  1.5  4.4  3.0
 83.000 2.020   30   37   15   16    2 |  72.0 D2   44% 71% |  133  0.36 |  3.0  2.5  3.5  5.0
 85.020 2.043   39   28   14   15    3 |  54.9 A1   49% 62% |  147  0.42 |  2.5  1.5  2.9  4.9
 87.063 2.032   37   35   14   10    3 |  49.2 G1   18% 69% |  137  0.34 |  1.0  1.0  3.5  3.9
 89.095 2.032   42   27   13   17    2 |  57.3 A#1  35% 72% |  140  0.35 |  3.9  3.0  4.4  3.5
 91.127 2.043   30   38   14   16    1 |  71.7 D2   46% 78% |  151  0.41 |  2.9  2.5  2.9  5.4
 93.170 2.032   39   27   15   16    3 |  55.1 A1   59% 69% |  148  0.49 |  2.0  2.0  3.0  3.9
 95.202 2.043   28   32   18   19    3 |  49.0 G1   17% 76% |  183  0.61 |  3.4  2.5  3.9  4.4
 97.245 2.032   19    7   19   49    6 |  58.2 A#1  89% 69% |  228  1.00 |  1.5  0.5  1.5  3.0
 99.277 2.020   25   34   18   20    3 |  72.1 D2   39% 75% |  177  0.66 |  2.5  2.0  2.5  4.0
101.297 2.043   31   32   18   16    3 |  54.9 A1   48% 59% |  170  0.51 |  2.9  2.9  3.9  4.4
103.340 2.032   28   27   16   27    2 |  48.9 G1   20% 58% |  167  0.59 |  1.0  0.5  3.9  5.9
105.372 2.032   42   28   14   14    2 |  57.3 A#1  38% 69% |  154  0.34 |  3.9  3.5  4.4  5.9
107.404 2.032   30   33   14   21    2 |  72.1 D2   38% 74% |  186  0.69 |  3.9  3.0  3.0  6.4
109.436 2.032   39   25   14   20    2 |  54.7 A1   54% 74% |  142  0.46 |  2.5  2.5  4.4  4.9
111.467 2.043   30   31   15   21    3 |  49.0 G1   20% 60% |  173  0.67 |  2.5  1.0  2.9  4.9
113.511 2.032   41   24   14   18    4 |  58.0 A#1  81% 87% |  155  0.50 |  1.5  1.0  2.5  2.0
115.542 2.043    5   23   20   46    6 |  73.0 D2   78% 98% |  241  1.41 |  0.5  0.5  1.0  1.5
117.586 2.032    6   13   26   53    2 |  54.7 A1   75% 76% |  255  2.01 |  0.5  0.5  1.0  1.0
119.618 2.032    4   31   35   27    3 |  87.3 F2   68% 89% |  210  1.24 |  1.5  0.0  0.5  1.0
121.649 2.032   12    9   46   27    6 |  58.4 A#1  89% 59% |  241  2.75 |  1.0  0.0  1.0  0.5
123.681 2.020    2   13   26   54    5 |  73.1 D2   89% 82% |  301  3.27 |  1.5  0.5  2.0  1.0
125.701 2.043    0    5   37   52    6 | 109.4 A2   74% 35% |  344  9.23 |  0.5  0.5  1.5  1.0
127.745 2.032    0    5   60   25    9 | 109.5 A2   100% 11% |  311 12.18 |  1.5  0.0  2.0  1.5
129.776 2.032   30   22   16   21   11 |  57.8 A#1  24% 44% |  180  0.96 |  3.0  2.5  4.4  2.5
131.808 2.043   31   30   13   20    6 |  59.6 A#1  13% 77% |  146  0.38 |  2.9  2.9  3.4  4.4
133.851 2.032   33   26   15   19    6 |  55.0 A1   56% 73% |  178  0.71 |  2.5  1.5  3.0  3.5
135.883 2.032   38   27   15   15    4 |  49.8 G1   22% 68% |  162  0.54 |  2.5  2.5  3.0  3.5
137.915 2.032   43   30    8   13    5 |  56.6 A#1  26% 61% |  125  0.25 |  4.9  4.4  4.4  4.9
139.947 2.032   31   30   12   21    6 |  61.0 B1    3% 70% |  165  0.50 |  2.0  1.5  2.0  3.5
141.978 2.032   34   23   20   18    6 |  54.8 A1   41% 73% |  175  0.66 |  3.5  3.0  2.5  3.0
144.010 2.043   24   22   22   24    8 |  44.7 F1   52% 86% |  177  0.96 |  1.5  1.0  2.9  3.9
146.054 2.032    6    6   31   42   16 |  93.5 F#2  27% 24% |  343 29.03 |  0.5  0.0  2.5  3.9
148.085 2.032    0    1   15   72   12 |   0.0 -     0%  0% |  386 65.44 |  2.5  1.0  1.0  3.0
150.117 2.032    0    1   28   58   13 |   0.0 -     0%  0% |  343 99.00 |  3.5  1.0  1.5  3.5
152.149 2.032    0    1   27   65    8 |   0.0 -     0%  0% |  335 56.29 |  2.5  0.5  1.0  3.9
154.180 2.043    0    0   21   71    8 |   0.0 -     0%  0% |  393 99.00 |  1.5  0.0  1.5  4.4
156.224 2.032    0    1   44   47    8 | 117.2 A#2  100%  5% |  350 99.00 |  3.0  0.5  1.5  1.5
158.256 2.032    0    2   30   56   13 |   0.0 -     0%  0% |  343 52.55 |  3.5  1.0  0.5  3.5
160.287 2.032    0    1   25   56   18 |   0.0 -     0%  0% |  369 73.81 |  1.5  0.0  0.5  3.5
162.319 2.043    0    1   33   58    8 |   0.0 -     0%  0% |  371 69.53 |  1.0  0.0  1.0  1.5
164.362 2.032    0    1   18   74    8 |   0.0 -     0%  0% |  409 78.43 |  2.0  0.0  0.0  0.5
166.394 2.009    0    1   24   73    2 |   0.0 -     0%  0% |  365 99.00 |  4.5  0.0  1.5  1.0
168.403 2.043    0    0   27   69    3 |   0.0 -     0%  0% |  353 93.28 |  0.5  0.0  0.0  0.5
170.446 2.055    0    0   23   66   10 |   0.0 -     0%  0% |  368 90.91 |  2.9  0.0  1.0  1.5
172.501 2.101    0    2   58   34    6 | 117.1 A#2  100%  4% |  343 99.00 |  3.3  0.0  0.9  0.0
174.602 2.113    0    0   21   67   12 |   0.0 -     0%  0% |  464 99.00 |  2.4  0.0  0.5  0.0
176.715 2.136    0    5   18   59   18 |   0.0 -     0%  0% |  485 99.00 |  1.9  1.4  1.4  1.4
178.852 2.032   33   23   13   21    9 |  57.3 A#1  34% 54% |  153  0.54 |  3.9  3.5  3.9  3.5
180.883 2.032   29   31   14   20    6 |  69.8 C#2   7% 71% |  168  0.49 |  3.5  2.5  3.0  3.5
182.915 2.032   39   20   15   20    6 |  55.0 A1   44% 73% |  188  0.66 |  2.5  2.5  3.0  3.9
184.947 2.032   38   27   16   14    5 |  49.9 G1   32% 70% |  158  0.58 |  2.5  2.5  3.0  5.4
186.979 2.043   41   28   12   15    5 |  57.3 A#1  33% 61% |  151  0.50 |  2.5  2.5  3.4  4.4
189.022 2.032   29   30   14   21    6 |  70.2 C#2   5% 73% |  169  0.52 |  3.0  2.5  3.0  3.5
191.054 2.032   35   24   17   17    6 |  54.9 A1   46% 74% |  188  0.70 |  3.0  3.0  2.0  3.5
193.086 2.043   36   28   18   13    5 |  49.3 G1   37% 76% |  152  0.53 |  3.4  2.5  2.9  5.4
195.129 2.032   35   23   12   22    8 |  58.3 A#1  21% 65% |  175  0.59 |  3.5  3.0  4.4  4.9
197.161 2.032   28   30   13   22    7 |  60.3 B1    7% 74% |  161  0.45 |  3.0  3.0  3.5  4.9
199.192 2.032   30   22   16   25    7 |  54.6 A1   40% 74% |  200  0.86 |  2.5  2.5  3.0  5.4
201.224 2.032   36   27   16   16    5 |  49.6 G1   27% 63% |  177  0.74 |  2.0  1.5  2.5  5.9
203.256 2.032   39   25   11   20    5 |  57.6 A#1  28% 59% |  170  0.57 |  2.5  2.5  3.9  5.4
205.288 2.032   26   29   12   26    6 |  68.3 C#2   3% 73% |  167  0.45 |  3.5  3.5  2.0  4.9
207.319 2.032   36   19   17   21    6 |  54.9 A1   42% 75% |  184  0.71 |  2.5  2.0  2.5  4.4
209.351 2.043   14   19   24   32   11 |  43.9 F1   55% 86% |  193  1.01 |  0.5  0.5  2.9  5.9
211.394 2.043    0    5    8   65   21 |  97.1 G2   100% 10% |  400 17.39 |  2.5  0.5  1.0  1.0
213.438 2.043    0    0    4   89    6 |   0.0 -     0%  0% |  382 32.14 |  2.5  0.0  1.5  0.0
215.481 2.043    0    0    8   89    4 |   0.0 -     0%  0% |  352 99.00 |  1.0  0.0  0.5  0.0
217.525 2.009    0    0    5   93    2 |   0.0 -     0%  0% |  446 99.00 |  1.5  0.0  1.0  0.0
219.533 2.032    0    1    5   92    2 |   0.0 -     0%  0% |  385 23.83 |  3.0  0.0  0.0  0.5
221.565 2.043    0    1    5   92    2 |   0.0 -     0%  0% |  386 22.73 |  1.5  0.5  1.0  0.0
223.608 2.055    0    0    4   94    2 |   0.0 -     0%  0% |  363 99.00 |  0.0  0.0  0.5  0.0
225.663 2.043    0    0    5   89    6 |   0.0 -     0%  0% |  393 99.00 |  2.0  0.0  0.0  0.0
227.706 2.043    0    0    6   90    4 |   0.0 -     0%  0% |  581 99.00 |  0.0  0.0  0.0  0.0
229.750 2.032    0    0    0   99    1 |   0.0 -     0%  0% |  582 99.00 |  0.0  0.0  0.0  0.0
