# IBelongHere  grain 3 s  STFT 16384 (0.372 s window)  pitch: YIN 100 ms / 10 ms hop  onsets: per second  subwob: yes
   t(s)  sub bass  lm  mid high | f0Hz note held vcd | cen   h/f | subwob beats depth | low click mid high
  0.000    0    3   31   65    0 |   0.0 -     0%  0% |  388 36.30 | 0.116  0.23 0.90 |  2.3  0.7  0.7  2.3
  3.000    0    5   56   39    1 |   0.0 -     0%  0% |  330 13.66 | 0.116  0.23 0.82 |  2.7  0.3  0.3  0.3
  6.000    0    4   36   60    0 |   0.0 -     0%  0% |  330 11.80 | 0.116  0.23 0.92 |  3.3  0.7  1.7  0.7
  9.000    0    4   18   77    1 |   0.0 -     0%  0% |  409 11.32 | 1.022  2.00 0.99 |  3.7  1.3  1.3  0.3
 12.000    0    4   38   54    4 |   0.0 -     0%  0% |  344 13.17 | 1.022  2.00 0.99 |  3.3  1.0  2.0  3.0
 15.000   36   30   13   18    3 |  57.9 A#1  49% 41% |  173  0.82 | 0.511  1.00 1.00 |  2.7  2.0  2.7  4.0
 18.000   32   36   14   15    2 |  61.8 B1    3% 71% |  134  0.33 | 0.488  0.96 0.99 |  2.7  2.3  3.0  4.3
 21.000   39   33   15   11    2 |  53.3 G#1  24% 73% |  132  0.40 | 0.511  1.00 0.92 |  2.3  2.0  2.7  4.3
 24.000   38   29   13   17    3 |  58.0 A#1  40% 73% |  136  0.33 | 1.022  2.00 0.94 |  2.7  2.0  3.7  4.7
 27.000   37   37   14   10    3 |  56.3 A1   32% 70% |  118  0.26 | 0.511  1.00 0.98 |  2.3  2.3  3.7  4.7
 30.000   29   31   21   14    5 |  52.5 G#1   6% 67% |  159  0.55 | 0.511  1.00 0.98 |  2.3  1.3  2.7  3.7
 33.000   33   31   15   18    2 |  58.9 A#1  32% 78% |  152  0.43 | 0.511  1.00 0.98 |  2.0  2.0  2.7  5.7
 36.000   37   33   12   16    3 |  54.9 A1   50% 72% |  132  0.27 | 0.511  1.00 0.92 |  2.7  2.3  3.0  5.0
 39.000   36   31   11   20    2 |  54.7 A1   15% 65% |  121  0.25 | 0.511  1.00 0.92 |  3.7  3.3  4.0  5.7
 42.000   30   36   11   20    3 |  61.4 B1    6% 73% |  130  0.28 | 0.488  0.96 0.99 |  3.3  2.7  3.3  4.7
 45.000   35   32   13   18    2 |  53.7 A1   38% 71% |  127  0.34 | 0.511  1.00 0.93 |  2.0  2.0  3.3  5.7
 48.000   36   23   15   21    5 |  58.4 A#1  69% 82% |  157  0.57 | 0.116  0.23 0.95 |  1.7  1.7  2.3  1.7
 51.000    3   28   25   39    5 |  73.0 D2   61% 95% |  232  1.21 | 0.116  0.23 1.00 |  0.3  0.0  0.3  1.3
 54.000    5   21   29   43    3 |  87.0 F2   51% 65% |  239  1.24 | 0.116  0.23 0.94 |  1.7  0.7  2.0  0.7
 57.000    8   14   29   44    6 |  58.2 A#1  57% 81% |  290  2.52 | 0.116  0.23 1.00 |  1.3  0.0  1.0  0.7
 60.000    0    9   38   47    7 | 109.4 A2   60% 68% |  319  5.99 | 0.116  0.23 1.00 |  0.7  0.3  2.0  1.3
 63.000   24   23   24   18   10 |  58.1 A#1  39% 21% |  255  4.18 | 0.488  0.96 1.00 |  3.0  2.0  3.3  1.3
 66.000   32   36    9   21    2 |  58.7 A#1  18% 63% |  136  0.26 | 0.511  1.00 1.00 |  3.3  2.7  3.3  2.0
 69.000   40   32   16   10    2 |  54.8 A1   45% 77% |  141  0.43 | 0.511  1.00 0.97 |  2.3  2.3  2.7  2.3
 72.000   45   33   10   11    1 |  53.9 A1   19% 63% |  111  0.20 | 0.511  1.00 0.98 |  3.0  2.7  3.0  2.7
 75.000   32   30   17   18    3 |  57.8 A#1  17% 74% |  162  0.48 | 0.511  1.00 1.00 |  2.7  1.7  2.0  2.0
 78.000   48   31   15    6    0 |  52.8 G#1  16% 80% |  131  0.39 | 0.511  1.00 0.95 |  2.7  2.3  3.0  2.3
 81.000   35   29   17   17    2 |  58.0 A#1  36% 74% |  153  0.44 | 0.511  1.00 0.99 |  2.0  1.7  3.7  4.0
 84.000   36   36   12   14    3 |  56.5 A1   26% 66% |  129  0.28 | 0.511  1.00 0.98 |  3.0  2.0  3.3  4.7
 87.000   38   36   14   10    3 |  53.5 A1   18% 66% |  129  0.29 | 0.511  1.00 0.93 |  2.0  1.7  3.7  3.7
 90.000   33   33   14   19    1 |  59.6 A#1  22% 79% |  152  0.39 | 1.022  2.00 0.98 |  3.3  2.7  3.7  4.3
 93.000   36   33   14   14    3 |  54.9 A1   55% 71% |  134  0.36 | 0.511  1.00 0.92 |  2.7  2.0  3.3  4.7
 96.000   20   17   19   38    6 |  58.1 A#1  55% 74% |  219  0.96 | 0.116  0.23 0.92 |  1.7  1.3  2.3  3.3
 99.000   27   37   16   17    3 |  67.6 C#2   2% 68% |  145  0.38 | 0.488  0.96 0.99 |  3.0  2.3  2.7  3.7
102.000   25   29   18   25    2 |  53.9 A1   43% 58% |  180  0.64 | 0.511  1.00 0.95 |  1.7  1.3  4.0  5.7
105.000   38   28   15   16    3 |  57.3 A#1  38% 69% |  154  0.38 | 0.511  1.00 0.90 |  3.7  3.0  4.0  6.3
108.000   32   34   14   18    2 |  58.0 A#1  12% 72% |  162  0.42 | 0.511  1.00 0.99 |  3.3  3.0  4.0  5.3
111.000   31   30   13   23    3 |  52.6 G#1  18% 62% |  141  0.33 | 0.511  1.00 0.95 |  2.7  1.3  3.3  4.0
114.000   24   19   18   35    4 |  58.1 A#1  59% 98% |  187  0.66 | 0.116  0.23 1.00 |  0.3  0.3  1.0  1.7
117.000    5   15   27   49    3 |  54.8 A1   59% 82% |  248  1.74 | 0.116  0.23 1.00 |  0.7  0.3  1.3  1.7
120.000    8   27   42   20    3 |  86.9 F2   52% 79% |  216  1.46 | 0.116  0.23 0.96 |  1.3  0.0  0.3  0.7
123.000    3   11   28   51    6 |  73.1 D2   68% 72% |  311  3.69 | 0.116  0.23 1.00 |  1.0  0.3  1.7  1.0
126.000    0    5   52   38    6 | 109.5 A2   100% 25% |  326 11.22 | 0.116  0.23 0.99 |  1.0  0.3  1.7  0.7
129.000   28   23   17   22   11 |  57.3 A#1  24% 34% |  199  1.30 | 0.488  0.96 1.00 |  2.7  2.0  4.0  3.0
132.000   29   32   14   18    7 |  58.2 A#1  17% 75% |  148  0.38 | 0.511  1.00 1.00 |  2.7  2.3  3.3  3.7
135.000   36   28   14   17    4 |  53.2 G#1  19% 69% |  155  0.49 | 0.511  1.00 0.94 |  2.7  2.3  3.0  3.7
138.000   39   30    9   16    6 |  57.7 A#1  28% 64% |  124  0.25 | 0.511  1.00 0.98 |  3.7  3.3  3.3  4.3
141.000   31   28   17   19    6 |  55.2 A1   30% 73% |  165  0.48 | 0.511  1.00 0.98 |  3.0  2.3  2.3  3.0
144.000   22   20   23   25    9 |  48.7 G1   21% 75% |  186  0.95 | 0.116  0.23 1.00 |  1.0  0.7  2.7  3.3
147.000    0    1   20   67   12 |   0.0 -     0%  0% |  379 43.62 | 0.116  0.23 0.86 |  2.0  0.7  1.3  3.7
150.000    0    1   26   63   11 |   0.0 -     0%  0% |  348 99.00 | 0.116  0.23 0.80 |  3.3  1.0  1.7  4.0
153.000    0    0   23   67    9 |   0.0 -     0%  0% |  355 83.89 | 1.022  2.00 0.82 |  1.3  0.0  1.3  4.0
156.000    0    1   41   50    8 | 117.2 A#2  100%  4% |  344 99.00 | 0.116  0.23 0.77 |  3.3  0.7  1.0  2.0
159.000    0    1   26   56   17 |   0.0 -     0%  0% |  366 59.85 | 0.116  0.23 0.73 |  2.3  0.3  0.7  3.7
162.000    0    1   25   65    9 |   0.0 -     0%  0% |  390 57.79 | 0.116  0.23 0.84 |  1.0  0.0  0.7  1.7
165.000    0    1   32   64    3 |   0.0 -     0%  0% |  377 69.00 | 0.116  0.23 0.83 |  3.3  0.0  0.7  0.3
168.000    0    0   22   75    3 |   0.0 -     0%  0% |  364 80.76 | 0.116  0.23 0.81 |  1.0  0.0  0.3  0.7
171.000    0    1   45   46    8 | 117.1 A#2  100%  3% |  354 99.00 | 0.116  0.23 0.76 |  3.3  0.0  1.3  1.0
174.000    0    0   29   60   11 |   0.0 -     0%  0% |  456 99.00 | 0.116  0.23 0.96 |  2.7  0.0  0.3  0.0
177.000   26   21   16   25   13 |  58.0 A#1  40% 20% |  310  5.06 | 0.116  0.23 1.00 |  3.0  2.7  2.7  2.0
180.000   28   31   12   22    6 |  60.4 B1    6% 67% |  154  0.38 | 0.511  1.00 0.99 |  3.3  2.3  3.0  4.0
183.000   37   23   16   19    5 |  54.8 A1   35% 71% |  173  0.55 | 0.511  1.00 0.94 |  3.0  3.0  3.3  4.7
186.000   39   30   12   14    5 |  55.0 A1   18% 64% |  130  0.30 | 0.511  1.00 0.98 |  2.0  2.0  3.0  4.0
189.000   26   32   16   19    7 |  58.7 A#1  17% 73% |  167  0.47 | 0.511  1.00 0.99 |  3.0  2.7  2.7  3.7
192.000   39   25   15   16    5 |  52.7 G#1  15% 74% |  147  0.46 | 0.511  1.00 0.94 |  3.3  2.7  2.7  5.0
195.000   31   26   12   22    9 |  58.2 A#1  25% 67% |  162  0.47 | 0.511  1.00 1.00 |  3.0  2.7  4.0  4.7
198.000   27   28   14   24    7 |  55.0 A1   29% 75% |  172  0.52 | 0.511  1.00 0.98 |  3.0  3.0  3.3  5.0
201.000   38   28   14   15    5 |  52.0 G#1  16% 63% |  149  0.41 | 0.511  1.00 0.95 |  2.0  1.7  3.0  6.0
204.000   28   29   12   25    6 |  59.2 A#1  17% 69% |  168  0.44 | 0.511  1.00 0.99 |  2.7  2.7  2.7  5.0
207.000   32   21   17   23    6 |  54.1 A1   35% 77% |  182  0.65 | 0.511  1.00 0.97 |  2.7  2.3  2.0  5.3
210.000   12   15   21   38   13 |  48.8 G1   32% 46% |  298  1.92 | 0.116  0.23 1.00 |  1.3  0.3  2.0  3.0
213.000    0    1    5   89    6 |   0.0 -     0%  0% |  377 23.63 | 0.348  0.68 0.70 |  2.3  0.0  1.3  0.0
216.000    0    0    6   90    3 |   0.0 -     0%  0% |  377 99.00 | 0.116  0.23 0.65 |  1.0  0.0  0.7  0.0
219.000    0    1    5   92    2 |   0.0 -     0%  0% |  394 18.64 | 0.116  0.23 0.59 |  2.3  0.0  0.3  0.3
222.000    0    0    4   94    2 |   0.0 -     0%  0% |  385 49.38 | 0.116  0.23 0.59 |  1.0  0.3  1.0  0.0
225.000    0    0    6   90    5 |   0.0 -     0%  0% |  382 99.00 | 0.116  0.23 0.96 |  1.3  0.0  0.0  0.0
228.000    0    0    2   95    2 |   0.0 -     0%  0% |  583 99.00 | 0.116  0.23 0.98 |  0.0  0.0  0.0  0.0
231.000    0    0    0   96    4 |   0.0 -     0%  0% |  574 83.83 | 0.116  0.23 0.66 |  0.0  0.0  0.0  0.0
