# IBelongHere  grain 5 s  STFT 16384 (0.372 s window)  pitch: YIN 100 ms / 10 ms hop  onsets: per second  subwob: yes
   t(s)  sub bass  lm  mid high | f0Hz note held vcd | cen   h/f | subwob beats depth | low click mid high
  0.000    0    4   38   58    0 |   0.0 -     0%  0% |  373 22.53 | 0.116  0.23 0.93 |  2.4  0.6  0.6  1.6
  5.000    0    3   29   67    0 |   0.0 -     0%  0% |  330 15.42 | 1.022  2.00 0.93 |  3.4  0.6  1.2  0.4
 10.000    0    5   31   62    2 |   0.0 -     0%  0% |  363 10.46 | 1.022  2.00 0.99 |  3.4  1.2  1.8  2.0
 15.000   33   35   12   18    2 |  58.8 A#1  31% 54% |  157  0.44 | 0.511  1.00 1.00 |  2.6  2.0  2.8  4.2
 20.000   40   32   15   10    2 |  54.6 A1   37% 71% |  130  0.34 | 0.511  1.00 0.92 |  2.8  2.4  3.2  4.2
 25.000   35   33   14   15    3 |  57.6 A#1  23% 71% |  132  0.32 | 0.511  1.00 0.98 |  2.2  2.0  3.4  4.8
 30.000   32   28   19   17    3 |  55.4 A1   21% 71% |  157  0.52 | 0.511  1.00 0.98 |  2.2  1.6  2.6  4.4
 35.000   33   35   12   19    2 |  55.1 A1   36% 69% |  131  0.28 | 0.511  1.00 0.97 |  2.6  2.4  3.0  5.6
 40.000   35   34   11   17    3 |  58.3 A#1  33% 72% |  127  0.26 | 0.511  1.00 0.98 |  3.6  3.0  3.8  4.8
 45.000   38   31   13   15    3 |  54.8 A1   26% 75% |  130  0.35 | 0.511  1.00 0.91 |  2.0  2.0  2.8  4.0
 50.000    6   19   23   48    3 |  59.9 A#1  13% 85% |  240  1.50 | 0.116  0.23 1.00 |  0.6  0.2  1.2  1.6
 55.000    6   20   30   38    5 |  73.0 D2   25% 76% |  261  1.57 | 0.116  0.23 1.00 |  1.6  0.4  1.4  0.4
 60.000    0    8   42   40   10 | 109.5 A2   61% 42% |  311  7.02 | 0.116  0.23 1.00 |  1.6  0.8  2.4  1.4
 65.000   34   33   11   17    4 |  57.9 A#1  22% 66% |  134  0.30 | 0.511  1.00 1.00 |  3.0  2.6  3.2  1.6
 70.000   44   34   12   10    1 |  54.4 A1   32% 69% |  121  0.27 | 0.511  1.00 0.98 |  2.8  2.6  3.0  2.8
 75.000   38   31   16   13    2 |  55.4 A1   32% 75% |  146  0.42 | 0.511  1.00 0.99 |  2.8  2.2  2.6  2.4
 80.000   37   33   15   13    2 |  57.6 A#1  24% 76% |  135  0.38 | 0.511  1.00 0.99 |  2.4  1.8  3.2  3.4
 85.000   38   34   14   12    3 |  54.4 A1   34% 65% |  131  0.31 | 0.511  1.00 0.94 |  2.2  1.6  3.6  4.2
 90.000   34   32   14   18    2 |  58.0 A#1  22% 75% |  147  0.38 | 0.511  1.00 0.97 |  2.8  2.4  3.4  4.6
 95.000   24   23   20   28    4 |  58.0 A#1  47% 72% |  199  0.93 | 0.511  1.00 0.97 |  2.4  1.4  2.4  3.0
100.000   27   35   15   21    2 |  55.7 A1   26% 63% |  160  0.46 | 0.511  1.00 0.98 |  2.2  2.0  3.8  5.4
105.000   35   32   14   17    3 |  58.3 A#1  29% 69% |  158  0.39 | 0.511  1.00 0.98 |  3.8  3.2  4.0  5.8
110.000   34   28   14   21    3 |  54.8 A1   32% 73% |  150  0.43 | 0.511  1.00 0.92 |  2.0  1.2  2.8  4.0
115.000    8   18   23   48    4 |  58.5 A#1  19% 88% |  235  1.46 | 0.116  0.23 1.00 |  0.6  0.4  1.4  1.6
120.000    6   19   35   34    5 |  73.1 D2   24% 75% |  253  1.97 | 0.116  0.23 1.00 |  1.2  0.2  0.8  0.6
125.000    0    7   45   40    8 |  87.3 F2   12% 31% |  320  9.14 | 0.116  0.23 1.00 |  1.0  0.2  2.0  1.2
130.000   30   29   14   19    8 |  58.1 A#1  18% 65% |  147  0.40 | 0.511  1.00 1.00 |  3.0  2.6  3.8  3.6
135.000   38   29   12   16    4 |  54.3 A1   28% 66% |  139  0.35 | 0.511  1.00 0.97 |  3.4  3.0  3.4  4.0
140.000   31   27   15   20    6 |  55.0 A1   22% 75% |  173  0.54 | 0.511  1.00 0.99 |  2.4  2.0  2.4  3.4
145.000    8   11   25   44   12 |  48.8 G1   34% 27% |  355 26.69 | 0.116  0.23 1.00 |  1.6  0.6  1.8  3.4
150.000    0    1   28   61   11 |   0.0 -     0%  0% |  346 69.32 | 0.116  0.23 0.83 |  2.4  0.6  1.4  4.0
155.000    0    1   34   56    8 | 117.2 A#2  100%  2% |  351 99.00 | 0.116  0.23 0.83 |  3.0  0.6  1.0  2.6
160.000    0    1   24   64   11 |   0.0 -     0%  0% |  379 58.18 | 0.116  0.23 0.79 |  1.4  0.0  0.8  2.6
165.000    0    1   26   70    3 |   0.0 -     0%  0% |  373 93.98 | 0.116  0.23 0.85 |  2.6  0.0  0.6  0.6
170.000    0    1   42   49    8 | 117.1 A#2  100%  2% |  346 93.89 | 0.116  0.23 0.74 |  2.8  0.0  1.0  0.6
175.000   25   20   16   26   13 |  58.0 A#1  40% 12% |  458 99.00 | 0.116  0.23 1.00 |  2.6  1.6  1.6  1.2
180.000   33   27   13   21    6 |  57.1 A#1  21% 69% |  160  0.45 | 0.511  1.00 0.99 |  3.2  2.6  3.2  4.0
185.000   37   30   13   15    5 |  55.8 A1   18% 67% |  136  0.38 | 0.511  1.00 0.98 |  2.2  2.2  3.0  4.4
190.000   32   29   17   17    6 |  54.7 A1   22% 73% |  153  0.47 | 0.511  1.00 0.98 |  3.4  2.8  2.6  4.4
195.000   28   29   13   22    8 |  58.2 A#1  16% 70% |  167  0.45 | 0.511  1.00 1.00 |  3.0  2.8  3.8  4.4
200.000   36   26   13   20    5 |  54.0 A1   24% 64% |  166  0.52 | 0.511  1.00 0.97 |  2.2  2.0  3.0  6.0
205.000   30   25   15   24    6 |  55.5 A1   24% 77% |  173  0.59 | 0.511  1.00 0.98 |  2.8  2.6  2.2  5.2
210.000   10   13   18   47   12 |  48.8 G1   32% 27% |  377  7.41 | 0.116  0.23 1.00 |  1.8  0.2  1.8  1.8
215.000    0    0    6   91    3 |   0.0 -     0%  0% |  377 99.00 | 0.116  0.23 0.69 |  1.4  0.0  0.8  0.0
220.000    0    1    4   93    2 |   0.0 -     0%  0% |  387 27.65 | 0.116  0.23 0.62 |  1.6  0.2  0.6  0.2
225.000    0    0    6   90    5 |   0.0 -     0%  0% |  502 99.00 | 0.116  0.23 0.99 |  0.8  0.0  0.0  0.0
230.000    0    0    0   99    1 |   0.0 -     0%  0% |  581 99.00 | 0.116  0.23 0.94 |  0.0  0.0  0.0  0.0
