PRE = the 16.0 bars before each truth drop
candidate    tf   grain dir   AUC   min SeeYouDrop WhoLikesTo  Malicious  vs CN CN fpr else fpr  lead beats per drop (p90 elsewhere) · false arms/min drop tracks / CN

AUC by grain (pooled, directional) for the top candidates:
                       8      5      3      2      1  0.569  0.224

== SeeYouDrop drop 57.6 s — bars -16 .. -1 (percentile of the track's elsewhere), then the drop bar
             -16 -15 -14 -13 -12 -11 -10  -9  -8  -7  -6  -5  -4  -3  -2  -1   0
denK          64  64  87  87  64  87  87  87  64   0  64  39  64  87  87  87  87
denS          65  36  65  87  35  64  65  65  65  99  87  12  36  36  36  36  36
denH          55  78  55  25  55  55  78  78 100 100 100   6  25  25  25  25  54
subGate        6   6   6   6   6   6   6   6   6   6   6   6   6   0   0   0   6
lpSweep        0  70  69  70   0  70   0  71  69  72  75  72   0   0   0   0  70
width         86  70  75  85  86  82  80  79  63  39   8  92  99 100 100 100  68
bassS         20  27  28  22  26  32  31  33  54  63  65   3   0   0   0   0  21
highS         83  63  60  60  76  69  78  57  58  69  86  57  18  16  18  20  22
lvl           18  17  18  15  37  28  35  40  53  69  76   2   1   2   3   7  69
centroid      85  67  67  71  74  56  60  54  46  41  28  80  91  92  93  94  41
riser         87   0   0   0   0   0   0   0   0   0   0   0  91   0   0   0   0
rollRate      85  61  85  85  31  61  31  61  31  61 100  10   1   0   0   0   4
synTension     0   0  65  66   0   0   0  65  68  66  79  77  69  69  78  80  87
build         76  76  76  75  73  75  76  76  76  76  76  60  29  83  97  99   0
kickGap       68  65  64  70  73  70  70  81  74  69  75  75  95  93  93  96 100
eShort        13  15  14  13  16  20  19  21  33  61  79   2   0   0   0   0  11

== SeeYouDrop drop 105.6 s — bars -16 .. -1 (percentile of the track's elsewhere), then the drop bar
             -16 -15 -14 -13 -12 -11 -10  -9  -8  -7  -6  -5  -4  -3  -2  -1   0
denK          64  64  39  39  39  64  87  87  87  87  64   0  64  39  99  99  39
denS          65  36  96  65  36  36  64  65  65  36  65 100  87  11  96  65  36
denH          54  54  54  55  54  55  54  93  55  78  99 100 100  55  78  55  54
subGate        6   6   6   6   6   6   6   6   6   6   6   6   6   6   6   0   6
lpSweep       71  71  70  70  70  71   0   0   0  69   0  69  73  72   0   0   0
width         48  31  69  49  44  27  68  76  76  76  61  37   8  92  97  97  76
bassS         58  64  40  58  62  65  46  33  33  33  49  62  64   3   0   0  11
highS         45  40  29  29  32  37  78  65  65  59  77  86  96  46  44  78  64
lvl           63  70  37  61  64  71  39  41  30  38  58  70  77   2   2   3  32
centroid      42  35  47  37  33  36  68  55  60  56  47  44  35  76  89  99  96
riser          0   0   0   0   0   0  87   0   0   0   0   0   0  87  92  90  88
rollRate      61  31  85  61  61  10  31  85  85  85  61  85 100  10  61  97  31
synTension    66  66  71  66   0   0   0  66  66   0   0   0  78  75  71  79  81
build         48  50  47  34  31  32  35  30  26  31  43  48  62  52  27  90   0
kickGap       56  78  56  74  70  74   5   3   5   5   6   5   5  32  16  46  92
eShort        63  80  56  57  70  81  55  28  21  20  35  68  81   2   0   0   7

== WhoLikesToParty drop 57.5 s — bars -16 .. -1 (percentile of the track's elsewhere), then the drop bar
             -16 -15 -14 -13 -12 -11 -10  -9  -8  -7  -6  -5  -4  -3  -2  -1   0
denK          51  51  51  51   6  82  82  20  51  51  82  82  51  51  82  51  20
denS          49  49  49  23  73  49  49  23  73  49  24  73  90  73  90  49  49
denH          32  67  32  31   9  68  67  31  68  10  32  67  68  32  32  10   3
subGate       17  17  17  17  17  17  17  17  17  17  17  17  17  17  17  17  17
lpSweep        0   0   0   0   0   0   0   0   0   0   0   0   0   0   0   0   0
width         44  70  59  80  84  71  68  71  65  69  66  84  42  39  44  39  44
bassS         74  42  48  60  88  71  59  65  53  68  50  28  32   0   0   0  66
highS         28  61  36  66  97  73  58  68  55  69  56  82  27  42   6  47  94
lvl           44  39  40  56  43  65  44  61  37  60  34  51  15   8   6  18  65
centroid      25  64  33  46  50  32  29  24  26  30  30  85  35  99  86  99  94
riser          0   0   0   0   0   0   0   0   0   0   0  94   0  94  94  94  95
rollRate      56  26  26  26  26  56  26  56  56  56  26  56  85  26  26   7  26
synTension     0   0   0   0   0  83  82   0  84   0   0  79  79   0   0   0  91
build         90  90  90  90  90  90  90  84  86  88  90  60  42   9   3   0   9
kickGap       60  80  77  77  66  40  80  60  60  52  60  60  71  85  80  86  52
eShort        33  30  38  51  84  79  74  81  72  75  54  49  22   0   0   0  63

== WhoLikesToParty drop 131.4 s — bars -16 .. -1 (percentile of the track's elsewhere), then the drop bar
             -16 -15 -14 -13 -12 -11 -10  -9  -8  -7  -6  -5  -4  -3  -2  -1   0
denK          51  51  51  51   0  51  82  20  51  51  51  82  51  82  82  51  20
denS          49  49  74  49  74  49  73  24  73  24  48  49  90  73  90  73  49
denH          67  67  32  10  10  68  67  32  68  32  32  32  89  32  67  32  31
subGate       17  17  17  17  17  17  17  17  17  17  17  17  17  17  17  17  17
lpSweep        0   0   0   0   0   0   0   0   0   0   0   0   0   0   0   0   0
width         49  74  65  85  81  82  75  82  80  85  76  95  45  36  47  32  15
bassS         69  37  42  57  93  79  58  60  46  62  56  24  42   1   0   1  80
highS         38  72  49  76  85  79  65  80  73  78  67  82  14  39   3  41  22
lvl           47  38  38  46  47  69  36  62  42  52  38  50  17  12   7  18  57
centroid      28  73  45  52  24  33  34  31  31  40  32  85  27  86  48  94  20
riser         95   0   0   0   0   0   0   0   0   0   0   0   0  94  94  94  94
rollRate      56  56  85  85  56  56  26   7  26  26  56  56  85  56  56  26  85
synTension     0   0   0  79   0   0   0   0   0  81  84   0   0   0  79   0  80
build         50  50  26  10  34  44  45  14  28  36  69  29  30   7   3   0  11
kickGap       60  86  60  80  60  66  77  71  77  40  60  60  71  66  77  83  71
eShort        42  39  39  41  83  82  70  81  76  72  64  54  30   0   0   0  39

== WhoLikesToParty drop 188.8 s — bars -16 .. -1 (percentile of the track's elsewhere), then the drop bar
             -16 -15 -14 -13 -12 -11 -10  -9  -8  -7  -6  -5  -4  -3  -2  -1   0
denK          51  51  20  51   6  82  82  20  51  51  51  51  82  51  82  51   6
denS          49  73  49  23  49  49  49  23  73  48  49  49  90  49  73  73  23
denH          67  67  68  68  10  68  68  31  67  32  31  31  89  67  67  10  10
subGate       17  17  17  17  17  17  17  17  17  17  17  17  17  17  17  17  17
lpSweep        0   0   0   0   0   0   0   0   0   0   0   0   0   0   0   0   0
width         41  70  53  75  90  82  80  78  79  79  84  86  47  43  50  39  30
bassS         64  34  43  57  90  72  57  61  48  60  45  32  34   1   0   1  77
highS         56  70  39  73  99  76  61  73  65  72  61  86  32  51  20  53  71
lvl           65  38  34  51  48  70  42  54  42  55  36  42  13  15   5  18  77
centroid      30  65  40  56  54  31  28  25  27  31  28  83  34  91  78  99  68
riser          0   0   0   0   0   0   0   0   0   0   0  94  94   0   0   0   0
rollRate      56  56  26   7  26  56  85  56  56  26   7  26  56   7   7  56  26
synTension     0  79   0   0  82  95  79   0   0   0   0   0  87   0   0  83  98
build         67  74  51  33  45  44  57  33  47  45  59  19  14   3   0   0  12
kickGap       40  60  60  71  60  60  66  60  66  52  80  80  77  83  90  80  60
eShort        65  55  38  47  87  84  77  79  75  73  68  41  14   0   0   0  74

== Malicious drop 148.3 s — bars -16 .. -1 (percentile of the track's elsewhere), then the drop bar
             -16 -15 -14 -13 -12 -11 -10  -9  -8  -7  -6  -5  -4  -3  -2  -1   0
denK           0  49  88  49  88  88  88  88  49  49   0  49  49  88  88  88  49
denS          89  40  69  70  70  40  40  89  14  89  40  14  14  40  40  69  40
denH          18  17  18  95  79  50  50  79  50  79  50  79  79  50  50  50  18
subGate       51  51  51  51  51  51  51  51  51  51  51  51  51  51  51  51   0
lpSweep       64  76   0   0   0  68  64   0   0  69  64   0   0  64   0   0   0
width         43  25  96  87  93  76  89  77  95  59  20  26  28  53  40  73  30
bassS         18  58  44  53  67  77  59  41  76  94  63  44  50  38  33  26  43
highS         35  52  54  53  51  33  29  14   9  10  21  37  34  58  51  57  51
lvl           19  52  44  44  41  51  53  39  54  74  62  62  53  43  20  19  36
centroid      40  12  29  44  25  14  28  55  30  16  31  51  60  57  62  73  64
riser          0   0   0  95   0   0   0  95  93   0   0  95  92   0   0  91   0
rollRate      43  15  78  43  43  43  43  43  43  43  78  15  43  43  78  43  78
synTension     0   0   0  87  88   0   0  88   0   0   0   0   0   0   0   0   0
build          0  19  36  70  76  75  73  72  60  61  75  79  75  74  43  21  15
kickGap       63  72  54  62  60  68  89  54  70  64  43  69  62  55  43  62  53
eShort        11  36  42  52  44  49  46  48  53  75  63  59  50  47  17  13  19
png -> tools/accept/live-grid/build-SeeYouDrop.png
png -> tools/accept/live-grid/build-WhoLikesToParty.png
png -> tools/accept/live-grid/build-Malicious.png
png -> tools/accept/live-grid/build-CyborgNinja.png
