# CyborgNinja  grain beat (480 slices, bar-synchronous on the 160.00 bpm grid)  STFT 4096
   t(s)   dur  sub bass  lm  mid high | f0Hz note held vcd | cen   h/f | low click mid high
  0.020 0.375   12   61   19    4    4 |  64.7 C2   44% 77% |  137  0.60 |  2.7  2.7  2.7  8.0
  0.395 0.375   14   75    6    2    3 |  65.8 C2   47% 84% |   91  0.13 |  2.7  2.7  8.0  5.3
  0.770 0.375   11   79    5    2    3 |  65.8 C2   27% 81% |   82  0.08 |  0.0  0.0  5.3  8.0
  1.145 0.375   10   75   11    2    2 |  68.7 C#2  18% 100% |   88  0.12 |  5.3  5.3  5.3  8.0
  1.520 0.375   13   64   16    4    4 |  65.0 C2   38% 92% |  131  0.49 |  2.7  2.7  2.7 10.7
  1.895 0.375   13   57   21    5    4 |  66.4 C2   31% 68% |  128  0.43 |  2.7  2.7  5.3  5.3
  2.270 0.375   17   70    6    3    4 |  66.4 C2   21% 74% |   90  0.16 |  5.3  5.3  5.3  8.0
  2.645 0.375    9   82    5    2    2 |  71.8 D2   38% 92% |   80  0.06 |  8.0  8.0  8.0 10.7
  3.020 0.375    8   62   21    5    4 |  66.5 C2   24% 76% |  131  0.45 |  2.7  2.7  5.3  5.3
  3.395 0.375   13   75    6    2    3 |  65.3 C2   48% 89% |   87  0.11 |  0.0  0.0  8.0  8.0
  3.770 0.375   12   79    4    2    3 |  65.4 C2   41% 89% |   82  0.08 |  5.3  5.3 10.7 10.7
  4.145 0.375   13   69   13    3    2 |  66.9 C2   32% 89% |   91  0.18 |  2.7  2.7  2.7  5.3
  4.520 0.375   12   59   21    4    4 |  64.6 C2   35% 84% |  140  0.66 |  2.7  2.7  5.3  8.0
  4.895 0.375   11   62   19    4    4 |  67.5 C#2  19% 68% |  152  0.77 |  2.7  2.7  5.3  8.0
  5.270 0.375    9   76   11    2    2 |  71.0 C#2  22% 86% |   93  0.15 |  5.3  5.3  5.3  8.0
  5.645 0.375    8   84    5    1    1 |  73.4 D2   65% 97% |   82  0.08 | 10.7 10.7 10.7  5.3
  6.020 0.375   11   66   16    4    3 |  65.5 C2   56% 86% |  121  0.42 |  0.0  0.0  0.0  5.3
  6.395 0.375   14   73    7    2    4 |  65.5 C2   35% 82% |   97  0.14 |  5.3  5.3 10.7 10.7
  6.770 0.375   13   76    5    2    4 |  66.2 C2   30% 79% |   85  0.09 |  2.7  0.0  5.3  5.3
  7.145 0.375    9   79    7    3    2 |  69.0 C#2  20% 95% |   82  0.07 |  8.0  8.0  5.3  8.0
  7.520 0.375   12   62   18    4    4 |  64.8 C2   39% 82% |  140  0.68 |  2.7  2.7  5.3 10.7
  7.895 0.375   10   57   24    5    4 |  69.4 C#2  22% 62% |  119  0.35 |  2.7  2.7  2.7  5.3
  8.270 0.375   15   72    7    2    3 |  65.8 C2   29% 74% |   93  0.18 |  5.3  5.3  5.3  8.0
  8.645 0.375   11   80    5    2    2 |  70.3 C#2  38% 84% |   82  0.09 |  5.3  5.3  8.0  8.0
  9.020 0.375   12   61   18    5    4 |  65.2 C2   30% 73% |  141  0.74 |  5.3  5.3  5.3  8.0
  9.395 0.375   15   74    6    2    3 |  65.7 C2   24% 89% |   96  0.14 |  2.7  2.7  8.0  8.0
  9.770 0.375   15   75    5    2    3 |  67.1 C2   21% 89% |   85  0.13 |  5.3  5.3  8.0  8.0
 10.145 0.375   12   64   17    5    3 |  68.6 C#2  13% 100% |  127  0.50 |  5.3  5.3  5.3  8.0
 10.520 0.375   12   59   21    5    3 |  64.6 C2   26% 84% |  126  0.61 |  2.7  2.7  5.3  8.0
 10.895 0.375   10   65   18    4    3 |  68.7 C#2  17% 76% |  117  0.46 |  2.7  2.7  5.3  2.7
 11.270 0.375    9   80    8    2    2 |  70.8 C#2  25% 95% |   82  0.08 |  5.3  5.3  5.3  8.0
 11.645 0.375    4   88    3    2    2 |  71.6 D2   34% 95% |   77  0.03 |  5.3  5.3  8.0  8.0
 12.020 0.375   11   47   18   17    6 |  65.5 C2   39% 74% |  134  0.52 |  5.3  2.7  2.7  8.0
 12.395 0.375   14   65   13    4    3 |  65.3 C2   53% 86% |  131  0.30 |  0.0  0.0  2.7  8.0
 12.770 0.375   15   74    5    2    3 |  66.4 C2   29% 82% |   88  0.13 |  5.3  5.3 10.7 10.7
 13.145 0.375    9   63   12   13    3 |  67.4 C#2  36% 87% |  148  0.39 |  2.7  2.7  2.7  5.3
 13.520 0.375   10   56   15   15    4 |  65.1 C2   26% 92% |  185  0.83 |  2.7  2.7  5.3  8.0
 13.895 0.375    8   56   22   10    4 |  68.2 C#2  18% 74% |  176  0.76 |  8.0  8.0  5.3  8.0
 14.270 0.375   12   62    5   17    4 |  66.9 C2   36% 68% |  112  0.15 |  2.7  2.7  2.7  8.0
 14.645 0.375   10   72    8    6    3 |  68.8 C#2  43% 79% |  127  0.19 |  5.3  5.3  8.0  8.0
 15.020 0.375   11   51   16   16    6 |  65.6 C2   38% 68% |  139  0.63 |  5.3  5.3  5.3 10.7
 15.395 0.375   13   62   16    4    4 |  65.5 C2   47% 81% |  152  0.43 |  2.7  2.7  5.3  5.3
 15.770 0.375   15   74    5    2    3 |  65.4 C2   39% 87% |   91  0.12 |  2.7  2.7  5.3  8.0
 16.145 0.375    9   65   12   11    3 |  68.1 C#2  29% 84% |  133  0.32 |  2.7  2.7  5.3  8.0
 16.520 0.375    9   50   18   18    4 |  65.6 C2   17% 76% |  230  1.36 |  5.3  2.7  2.7  8.0
 16.895 0.375   10   51   18   16    5 |  67.4 C#2  12% 65% |  208  1.07 |  2.7  2.7  2.7  8.0
 17.270 0.375    8   70   10   10    2 |  71.3 C#2  29% 89% |  124  0.22 |  5.3  5.3  5.3  5.3
 17.645 0.375    7   81    5    6    2 |  73.8 D2   58% 95% |   98  0.11 | 10.7  8.0  5.3  8.0
 18.020 0.375   11   54   16   14    5 |  65.5 C2   59% 86% |  113  0.33 |  2.7  2.7  2.7  5.3
 18.395 0.375   14   64   14    4    4 |  65.4 C2   41% 76% |  148  0.42 |  0.0  0.0  2.7  8.0
 18.770 0.375   16   74    5    2    3 |  65.6 C2   40% 81% |   92  0.10 |  5.3  5.3 10.7 10.7
 19.145 0.375    9   67   10   12    3 |  68.3 C#2  30% 87% |  148  0.33 |  2.7  2.7  2.7  5.3
 19.520 0.375   10   57   18   12    4 |  65.7 C2   24% 76% |  201  0.93 |  2.7  2.7  5.3  8.0
 19.895 0.375   11   38   22   23    5 |  67.0 C2   10% 54% |  193  0.83 |  5.3  5.3  5.3  8.0
 20.270 0.375   12   61    6   16    4 |  67.2 C2   36% 58% |  165  0.33 |  8.0  8.0  5.3 10.7
 20.645 0.375    9   75    8    6    3 |  71.6 D2   50% 86% |  110  0.14 |  5.3  5.3 10.7  5.3
 21.020 0.375   11   50   16   16    6 |  65.5 C2   36% 66% |  139  0.61 |  0.0  0.0  2.7  8.0
 21.395 0.375   13   65   14    4    3 |  65.6 C2   26% 92% |  126  0.26 |  8.0  8.0  8.0 10.7
 21.770 0.375   16   73    6    3    3 |  68.4 C#2  17% 79% |   96  0.10 |  5.3  5.3  8.0  5.3
 22.145 0.375   12   57   12   14    4 |  65.9 C2   31% 84% |  176  0.56 |  2.7  2.7  2.7  8.0
 22.520 0.375   10   53   17   16    4 |  65.4 C2   23% 81% |  198  1.24 |  2.7  2.7  5.3  8.0
 22.895 0.375    8   60   18   10    3 |  67.5 C#2  29% 74% |  201  1.45 |  2.7  2.7  2.7  2.7
 23.270 0.375    9   73   14    3    2 |  71.5 D2   25% 97% |  107  0.18 |  5.3  5.3  5.3  5.3
 23.645 0.375    3   85    7    3    2 |  73.7 D2   29% 100% |   90  0.07 |  5.3  5.3  5.3 10.7
 24.020 0.375   11   54   13   16    6 |  65.4 C2   46% 68% |  134  0.61 |  5.3  5.3  5.3  8.0
 24.395 0.375   14   63   15    4    4 |  65.1 C2   58% 89% |  136  0.32 |  0.0  0.0  2.7  8.0
 24.770 0.375   15   74    5    2    4 |  65.7 C2   34% 84% |   92  0.12 |  2.7  2.7  8.0  8.0
 25.145 0.375    7   71    9   11    2 |  69.0 C#2  24% 100% |  123  0.19 |  5.3  5.3  5.3 10.7
 25.520 0.375   10   55   13   18    4 |  65.6 C2   32% 82% |  216  0.78 |  2.7  2.7  5.3  5.3
 25.895 0.375   10   49   25   12    5 |  68.4 C#2  12% 68% |  160  0.69 |  2.7  2.7  5.3  8.0
 26.270 0.375   13   61    5   17    4 |  66.6 C2   35% 68% |  151  0.37 |  8.0  8.0  8.0 10.7
 26.645 0.375   11   68   10    7    3 |  69.0 C#2  19% 82% |  125  0.23 |  5.3  5.3  5.3  5.3
 27.020 0.375   10   52   15   16    6 |  66.3 C2   31% 70% |  133  0.55 |  0.0  0.0  2.7  8.0
 27.395 0.375   10   65   16    4    4 |  65.6 C2   40% 79% |  162  0.50 |  2.7  2.7  8.0  8.0
 27.770 0.375   14   74    6    2    3 |  65.8 C2   38% 86% |   94  0.12 |  5.3  5.3 10.7 10.7
 28.145 0.375   11   66    9   11    3 |  67.9 C#2  22% 95% |  128  0.26 |  2.7  2.7  2.7  5.3
 28.520 0.375   10   53   15   17    5 |  64.1 C2   32% 89% |  233  1.63 |  2.7  2.7  2.7  8.0
 28.895 0.375    8   53   16   18    5 |  67.7 C#2  28% 68% |  218  1.32 |  2.7  2.7  2.7 10.7
 29.270 0.375    8   69   10   11    2 |  71.3 C#2  21% 89% |  134  0.26 |  2.7  2.7  2.7  5.3
 29.645 0.375    8   76    7    7    2 |  73.8 D2   62% 92% |  103  0.13 |  8.0  8.0  8.0  2.7
 30.020 0.375   10   54   17   14    5 |  65.8 C2   49% 92% |  115  0.32 |  5.3  5.3  5.3 10.7
 30.395 0.375   10   68   14    4    4 |  65.6 C2   34% 78% |  146  0.41 |  2.7  2.7  5.3  5.3
 30.770 0.375   15   76    4    2    3 |  65.5 C2   31% 84% |   85  0.08 |  2.7  2.7  5.3  8.0
 31.145 0.375    8   63   11   15    3 |  69.5 C#2  13% 100% |  148  0.27 |  2.7  2.7  5.3  8.0
 31.520 0.375   11   53   17   14    4 |  64.7 C2   18% 92% |  215  0.96 |  2.7  2.7  5.3  8.0
 31.895 0.375   10   50   19   16    4 |  67.4 C#2  27% 58% |  143  0.54 |  2.7  2.7  2.7  8.0
 32.270 0.375   13   63    5   15    4 |  66.1 C2   26% 73% |  109  0.21 |  5.3  5.3  5.3  8.0
 32.645 0.375   11   70   10    7    3 |  70.2 C#2  11% 92% |  116  0.20 |  8.0  8.0  8.0 10.7
 33.020 0.375    9   52   16   16    6 |  65.6 C2   44% 71% |  148  0.83 |  2.7  2.7  2.7  5.3
 33.395 0.375   10   67   15    4    3 |  66.0 C2   32% 92% |  133  0.36 |  2.7  2.7  8.0  8.0
 33.770 0.375   14   74    7    2    4 |  69.5 C#2  12% 66% |  107  0.20 |  8.0  8.0 10.7  8.0
 34.145 0.375   11   55   16   14    4 |  64.9 C2   51% 100% |  169  0.69 |  2.7  2.7  2.7  8.0
 34.520 0.375   11   53   16   17    4 |  65.8 C2   24% 76% |  181  1.02 |  2.7  2.7  5.3  5.3
 34.895 0.375   13   55   17   11    4 |  67.9 C#2  18% 74% |  199  1.45 |  2.7  2.7  2.7  5.3
 35.270 0.375   10   72   14    3    2 |  70.1 C#2  30% 89% |  106  0.16 |  5.3  5.3  8.0  8.0
 35.645 0.375    5   82    8    3    3 |  71.1 C#2  30% 97% |  100  0.10 |  5.3  5.3 10.7  8.0
 36.020 0.375    4   57   23   11    5 |  66.2 C2   65% 84% |  175  0.81 |  2.7  2.7  5.3  8.0
 36.395 0.375    5   82    6    4    4 |  66.1 C2   65% 89% |   90  0.10 |  5.3  5.3 10.7 10.7
 36.770 0.375    5   87    2    2    4 |  66.2 C2   62% 86% |   85  0.05 |  5.3  5.3  5.3  5.3
 37.145 0.375    4   76    8    9    3 |  69.6 C#2  18% 100% |  100  0.19 |  2.7  2.7 10.7  8.0
 37.520 0.375    4   65   13   13    5 |  66.3 C2   63% 79% |  159  0.61 |  2.7  2.7 10.7 10.7
 37.895 0.375    3   59   21   11    5 |  69.5 C#2  13% 81% |  162  0.61 |  8.0  8.0  2.7  5.3
 38.270 0.375    4   73    9    9    5 |  66.6 C2   61% 82% |  154  0.38 |  5.3  2.7  5.3  8.0
 38.645 0.375    4   87    3    3    2 |  71.8 D2   24% 100% |   91  0.06 |  2.7  2.7 10.7  8.0
 39.020 0.375    3   61   22    9    5 |  66.4 C2   61% 82% |  150  0.74 |  5.3  5.3 10.7  8.0
 39.395 0.375    5   83    6    4    4 |  66.1 C2   62% 89% |  112  0.18 |  5.3  5.3  5.3  8.0
 39.770 0.375    5   87    2    2    3 |  66.0 C2   62% 86% |   88  0.05 |  0.0  0.0  8.0  8.0
 40.145 0.375    4   75   11    7    2 |  69.5 C#2  24% 100% |  112  0.21 |  5.3  5.3 10.7 10.7
 40.520 0.375    3   61   22   10    4 |  67.0 C2   57% 76% |  196  1.36 |  2.7  2.7  8.0  5.3
 40.895 0.375    3   58   26    8    4 |  69.6 C#2  15% 71% |  180  2.05 |  2.7  2.7  5.3  8.0
 41.270 0.375    4   77   15    3    2 |  72.8 D2   28% 97% |  102  0.18 |  5.3  5.3  5.3  5.3
 41.645 0.375    4   88    5    1    1 |  74.3 D2   59% 97% |   85  0.07 | 10.7 10.7 10.7  8.0
 42.020 0.375    5   65   17    9    4 |  65.9 C2   64% 95% |  139  0.50 |  0.0  0.0  5.3  5.3
 42.395 0.375    5   82    6    4    4 |  66.1 C2   61% 84% |  106  0.16 |  2.7  2.7  8.0  8.0
 42.770 0.375    5   86    3    2    4 |  66.3 C2   61% 82% |   95  0.08 |  8.0  8.0 10.7 10.7
 43.145 0.375    4   75    8   10    3 |  69.4 C#2  22% 100% |  102  0.20 |  2.7  2.7  8.0  5.3
 43.520 0.375    4   65   13   13    5 |  66.7 C2   60% 79% |  172  0.54 |  5.3  5.3  5.3  8.0
 43.895 0.375    3   55   25   12    6 |  68.4 C#2  18% 74% |  186  1.02 |  5.3  5.3  8.0 10.7
 44.270 0.375    4   73    9    9    4 |  66.6 C2   61% 76% |  164  0.47 |  2.7  2.7  8.0  5.3
 44.645 0.375    4   87    3    3    2 |  71.7 D2   32% 97% |   88  0.05 |  5.3  5.3  5.3  8.0
 45.020 0.375    4   63   20    9    4 |  66.1 C2   65% 70% |  179  0.93 |  0.0  0.0 10.7  8.0
 45.395 0.375    4   75    9    8    4 |  69.1 C#2  14% 58% |  143  0.24 |  5.3  5.3 13.3 10.7
 45.770 0.375    4   75    7    9    5 |  67.9 C#2  22% 73% |  146  0.42 |  8.0  5.3  8.0  5.3
 46.145 0.375    3   63   19   11    4 |  66.2 C2   67% 71% |  190  1.36 |  2.7  2.7  8.0  8.0
 46.520 0.375    4   62   20   11    4 |  68.9 C#2  17% 61% |  162  1.22 |  2.7  2.7 10.7  8.0
 46.895 0.375    3   61   23    9    4 |  70.8 C#2  12% 70% |  185  1.32 |  2.7  2.7  5.3  5.3
 47.270 0.375    4   83    7    4    2 |  72.4 D2   27% 97% |   86  0.09 |  5.3  5.3  2.7  2.7
 47.645 0.375    4   89    3    2    3 |  72.5 D2   24% 100% |   73  0.03 |  8.0  8.0 13.3 13.3
 48.020 0.375   10   52   15   16    6 |  65.6 C2   41% 71% |  148  0.66 |  2.7  2.7  5.3  5.3
 48.395 0.375    9   72    5   11    4 |  65.3 C2   48% 82% |  143  0.36 |  2.7  2.7  0.0  8.0
 48.770 0.375   14   74    5    3    4 |  65.1 C2   34% 86% |   89  0.12 |  0.0  0.0  8.0  8.0
 49.145 0.375    8   73    9    8    2 |  68.9 C#2  34% 100% |   97  0.15 |  5.3  5.3  8.0  8.0
 49.520 0.375    8   56   14   18    4 |  65.5 C2   45% 89% |  230  1.04 |  2.7  2.7  5.3  8.0
 49.895 0.375   11   51   17   16    5 |  67.0 C2   20% 79% |  148  0.58 |  2.7  2.7  5.3  8.0
 50.270 0.375   11   62    7   16    5 |  66.1 C2   31% 92% |   94  0.24 |  8.0  8.0  5.3 10.7
 50.645 0.375   11   77    3    7    2 |  69.4 C#2  28% 97% |   86  0.07 |  2.7  2.7 10.7  5.3
 51.020 0.375   10   53   15   15    6 |  65.9 C2   26% 82% |  125  0.47 |  2.7  2.7  0.0  8.0
 51.395 0.375   11   66    6   12    4 |  65.0 C2   50% 81% |  131  0.28 |  5.3  5.3 10.7 10.7
 51.770 0.375   14   73    5    4    3 |  65.7 C2   32% 89% |   92  0.11 |  2.7  2.7  8.0  5.3
 52.145 0.375    9   71    9    8    2 |  68.7 C#2  38% 100% |   99  0.15 |  2.7  2.7  2.7  8.0
 52.520 0.375    7   58   14   17    4 |  64.7 C2   51% 92% |  263  1.58 |  2.7  2.7  5.3  8.0
 52.895 0.375   11   49   18   17    5 |  66.6 C2   16% 84% |  229  1.41 |  5.3  5.3  2.7  8.0
 53.270 0.375    6   74    8    9    2 |  71.3 C#2  30% 89% |  131  0.26 |  5.3  5.3  5.3  5.3
 53.645 0.375   11   76    6    6    2 |  71.9 D2   56% 95% |  126  0.17 |  5.3  5.3  8.0  5.3
 54.020 0.375   11   54   16   14    5 |  65.4 C2   61% 89% |  113  0.36 |  5.3  5.3  5.3  8.0
 54.395 0.375   11   63    7   14    4 |  65.6 C2   30% 87% |  153  0.42 |  5.3  2.7  2.7  8.0
 54.770 0.375   15   75    3    3    3 |  65.2 C2   33% 87% |   90  0.08 |  0.0  0.0  8.0  8.0
 55.145 0.375    9   67    9   12    3 |  68.0 C#2  27% 89% |   99  0.12 |  5.3  5.3  8.0 10.7
 55.520 0.375    9   52   14   20    5 |  65.8 C2   41% 84% |  206  0.76 |  2.7  2.7  2.7  5.3
 55.895 0.375    9   46   20   20    5 |  66.7 C2   16% 68% |  145  0.61 |  2.7  2.7  5.3  8.0
 56.270 0.375   10   67    5   14    4 |  66.7 C2   51% 92% |   93  0.13 |  5.3  5.3  5.3  8.0
 56.645 0.375   12   72    4    9    3 |  69.3 C#2  21% 89% |   88  0.07 |  8.0  8.0 10.7  8.0
 57.020 0.375   11   52   15   16    6 |  64.7 C2   37% 79% |  138  0.68 |  0.0  0.0  2.7  8.0
 57.395 0.375   13   64    7   13    3 |  66.0 C2   24% 89% |  139  0.40 |  5.3  5.3  5.3  8.0
 57.770 0.375   15   72    6    4    4 |  66.0 C2   19% 84% |  102  0.18 |  8.0  8.0 10.7 10.7
 58.145 0.375   12   53   14   17    4 |  61.7 B1   29% 100% |  161  0.72 |  2.7  2.7  2.7  5.3
 58.520 0.375    7   55   17   17    4 |  64.9 C2   12% 89% |  232  1.70 |  2.7  2.7  5.3  5.3
 58.895 0.375   11   53   14   18    4 |  65.7 C2   19% 82% |  181  1.15 |  2.7  2.7  2.7  8.0
 59.270 0.375    6   78    5    9    2 |  71.6 D2   47% 95% |  112  0.21 |  2.7  2.7  2.7  5.3
 59.645 0.375    5   83    3    6    2 |  72.1 D2   30% 100% |   94  0.09 |  5.3  5.3  8.0  8.0
 60.020 0.375   11   50   17   16    6 |  65.4 C2   35% 82% |  141  0.68 |  2.7  2.7  5.3  8.0
 60.395 0.375   14   65    6   12    4 |  65.0 C2   58% 84% |  135  0.30 |  5.3  5.3  8.0  8.0
 60.770 0.375   17   72    5    3    3 |  64.6 C2   37% 79% |   91  0.14 |  2.7  2.7  5.3  8.0
 61.145 0.375   11   72    7    8    2 |  67.7 C#2  31% 95% |   92  0.13 |  2.7  2.7  5.3  8.0
 61.520 0.375   10   48   16   21    5 |  65.2 C2   77% 58% |  167  0.49 |  2.7  2.7  2.7 10.7
 61.895 0.375   10   52   18   16    5 |  67.5 C#2  17% 76% |  136  0.49 |  2.7  2.7  5.3  5.3
 62.270 0.375    9   67    6   14    4 |  68.4 C#2  45% 84% |   95  0.15 |  5.3  5.3  5.3  8.0
 62.645 0.375   11   73    4    9    3 |  69.6 C#2  31% 95% |   89  0.07 |  8.0  8.0 10.7 10.7
 63.020 0.375   11   51   17   16    6 |  65.5 C2   34% 78% |  145  0.74 |  0.0  0.0  0.0  5.3
 63.395 0.375   12   63    6   14    4 |  65.5 C2   44% 84% |  179  0.57 |  2.7  2.7  8.0  8.0
 63.770 0.375   14   74    4    4    3 |  65.4 C2   38% 84% |   89  0.12 |  2.7  2.7  8.0  8.0
 64.145 0.375   11   67    9   11    2 |  67.4 C#2  39% 84% |  108  0.16 |  5.3  5.3  5.3  8.0
 64.520 0.375    8   52   16   19    5 |  64.2 C2   65% 89% |  236  1.12 |  2.7  2.7  5.3  8.0
 64.895 0.375   11   52   16   18    5 |  66.0 C2   25% 76% |  220  1.14 |  2.7  2.7  2.7  8.0
 65.270 0.375    8   66   12   12    2 |  70.4 C#2  15% 87% |  137  0.32 |  8.0  8.0  5.3  8.0
 65.645 0.375   12   75    6    6    2 |  71.3 C#2  56% 97% |  106  0.14 |  5.3  5.3  8.0  5.3
 66.020 0.375   11   54   15   15    5 |  65.6 C2   46% 92% |  115  0.36 |  2.7  2.7  0.0  5.3
 66.395 0.375   13   63    7   12    4 |  65.4 C2   38% 84% |  139  0.32 |  5.3  5.3  5.3 10.7
 66.770 0.375   15   73    5    3    3 |  65.3 C2   43% 76% |   90  0.13 |  2.7  2.7  8.0  5.3
 67.145 0.375    9   65   12   10    3 |  69.0 C#2  29% 100% |  103  0.16 |  2.7  2.7  2.7  8.0
 67.520 0.375    7   60   12   17    4 |  65.2 C2   35% 92% |  214  1.06 |  2.7  2.7  2.7  8.0
 67.895 0.375   10   46   19   20    5 |  67.1 C2   17% 63% |  155  0.65 |  2.7  2.7  5.3  8.0
 68.270 0.375    9   65    6   15    4 |  66.7 C2   41% 58% |  103  0.27 |  5.3  5.3  5.3  8.0
 68.645 0.375   12   72    5    8    2 |  68.4 C#2  24% 89% |   89  0.08 |  5.3  5.3  5.3  8.0
 69.020 0.375    9   54   15   16    6 |  64.8 C2   27% 79% |  151  0.57 |  5.3  5.3  8.0 10.7
 69.395 0.375   14   64    6   13    4 |  66.4 C2   29% 92% |  139  0.29 |  2.7  2.7  5.3  5.3
 69.770 0.375   14   75    4    4    3 |  66.2 C2   21% 87% |   90  0.09 |  5.3  5.3  8.0  8.0
 70.145 0.375   15   55   13   13    4 |  61.9 B1   32% 100% |  167  0.87 |  5.3  5.3  5.3 10.7
 70.520 0.375    7   58   16   16    3 |  64.8 C2   16% 84% |  211  1.25 |  2.7  2.7  5.3  2.7
 70.895 0.375   11   51   17   18    4 |  65.6 C2   21% 74% |  218  1.48 |  2.7  2.7  2.7  5.3
 71.270 0.375    8   73    7   10    2 |  70.1 C#2  24% 89% |  116  0.21 |  5.3  5.3  5.3  5.3
 71.645 0.375    4   83    4    6    2 |  71.5 D2   54% 97% |   95  0.09 |  8.0  8.0 10.7 10.7
 72.020 0.375   11   50   20   13    5 |  65.0 C2   41% 78% |  162  0.68 |  2.7  2.7  2.7  8.0
 72.395 0.375   14   71    6    5    4 |  65.3 C2   51% 92% |   94  0.14 |  0.0  0.0  8.0  8.0
 72.770 0.375   11   79    4    3    4 |  65.2 C2   34% 92% |   84  0.09 |  5.3  5.3 10.7 10.7
 73.145 0.375   11   70    7    9    3 |  67.6 C#2  37% 95% |   98  0.13 |  2.7  2.7  2.7  5.3
 73.520 0.375   10   63   12   11    4 |  65.4 C2   39% 74% |  154  0.40 |  2.7  2.7  5.3  8.0
 73.895 0.375   10   50   21   13    5 |  67.6 C#2  23% 70% |  162  0.66 |  2.7  2.7  5.3 10.7
 74.270 0.375   12   66   10    8    4 |  64.7 C2   19% 84% |  105  0.28 |  8.0  8.0  5.3  5.3
 74.645 0.375   13   77    5    3    2 |  69.5 C#2  17% 92% |   80  0.05 |  2.7  2.7  5.3  8.0
 75.020 0.375    8   60   19    9    4 |  65.4 C2   31% 86% |  142  0.69 |  2.7  2.7  5.3  8.0
 75.395 0.375   14   70    8    4    4 |  65.4 C2   45% 87% |   95  0.16 |  5.3  5.3 10.7  8.0
 75.770 0.375   15   72    6    3    4 |  65.1 C2   44% 86% |   92  0.10 |  2.7  2.7  8.0  8.0
 76.145 0.375   11   69   12    6    2 |  68.1 C#2  22% 97% |   95  0.16 |  2.7  2.7  2.7  8.0
 76.520 0.375    8   53   25   10    4 |  65.6 C2   35% 92% |  190  1.59 |  2.7  2.7  5.3  8.0
 76.895 0.375   11   53   22   10    4 |  65.5 C2   16% 82% |  178  1.05 |  2.7  2.7  2.7  8.0
 77.270 0.375    8   73   14    4    2 |  70.5 C#2  15% 89% |  106  0.19 |  5.3  5.3  5.3  5.3
 77.645 0.375   13   77    7    2    1 |  71.6 D2   61% 97% |   89  0.08 | 10.7 10.7 10.7  8.0
 78.020 0.375    9   62   16   10    4 |  65.6 C2   50% 89% |  131  0.49 |  2.7  2.7  0.0  5.3
 78.395 0.375   13   72    6    6    4 |  65.1 C2   38% 86% |   97  0.15 |  0.0  0.0  5.3  8.0
 78.770 0.375    9   83    3    2    3 |  65.8 C2   23% 92% |   85  0.08 |  2.7  2.7  8.0  8.0
 79.145 0.375   10   67    9   11    4 |  68.1 C#2  32% 89% |  109  0.22 |  5.3  5.3  8.0  8.0
 79.520 0.375   12   60   12   11    5 |  65.3 C2   42% 89% |  134  0.47 |  2.7  2.7  2.7  8.0
 79.895 0.375   11   48   23   13    5 |  67.2 C2   22% 61% |  183  1.33 |  2.7  2.7  5.3  8.0
 80.270 0.375   14   64   10    8    4 |  63.8 C2    6% 86% |  110  0.26 |  8.0  8.0  8.0 10.7
 80.645 0.375   12   77    6    3    2 |  70.2 C#2  25% 95% |   83  0.07 |  2.7  2.7  8.0  5.3
 81.020 0.375    8   63   18    7    4 |  65.5 C2   27% 70% |  174  1.21 |  2.7  2.7  2.7  8.0
 81.395 0.375   12   68    8    8    3 |  66.9 C2   37% 71% |  111  0.19 |  8.0  8.0 10.7 10.7
 81.770 0.375    9   72    8    8    4 |  70.0 C#2  33% 87% |  106  0.20 |  5.3  5.3  8.0  5.3
 82.145 0.375   12   55   19   10    4 |  62.9 B1   46% 100% |  139  0.56 |  2.7  2.7  2.7  8.0
 82.520 0.375   11   55   21   10    3 |  63.0 B1   55% 87% |  182  1.27 |  2.7  2.7  2.7  5.3
 82.895 0.375   11   52   20   13    4 |  66.9 C2   14% 76% |  172  1.04 |  2.7  2.7  8.0  8.0
 83.270 0.375   10   77    6    5    2 |  71.3 C#2  29% 100% |   87  0.10 |  5.3  5.3  5.3  2.7
 83.645 0.375    6   83    5    3    3 |  72.5 D2   26% 100% |   84  0.08 |  5.3  5.3  8.0 10.7
 84.020 0.375   14   73    6    3    4 |  65.2 C2   40% 81% |   87  0.12 |  5.3  5.3 10.7  8.0
 84.395 0.375   14   77    4    2    3 |  65.8 C2   33% 87% |   75  0.05 |  0.0  0.0  8.0  8.0
 84.770 0.375   10   83    2    2    3 |  65.9 C2   24% 78% |   79  0.05 |  2.7  2.7  5.3  8.0
 85.145 0.375   12   80    5    1    2 |  68.6 C#2  16% 100% |   79  0.05 |  5.3  5.3  8.0 10.7
 85.520 0.375   16   75    4    2    3 |  64.9 C2   48% 76% |   80  0.07 |  2.7  2.7  5.3  5.3
 85.895 0.375   16   74    4    2    3 |  66.6 C2   26% 73% |   78  0.09 |  2.7  2.7  5.3  8.0
 86.270 0.375   18   73    4    2    3 |  66.1 C2   32% 74% |   83  0.09 |  5.3  5.3  5.3  8.0
 86.645 0.375   15   77    5    2    2 |  67.7 C#2  37% 81% |   80  0.07 |  8.0  8.0 10.7  8.0
 87.020 0.375   14   75    5    2    4 |  65.3 C2   36% 87% |   83  0.08 |  2.7  2.7  5.3  8.0
 87.395 0.375   14   78    2    2    3 |  65.7 C2   39% 84% |   77  0.04 |  0.0  0.0  8.0  8.0
 87.770 0.375    9   82    3    2    3 |  65.9 C2   31% 84% |   78  0.06 |  5.3  5.3 10.7 10.7
 88.145 0.375   12   82    3    1    2 |  68.8 C#2  16% 100% |   75  0.04 |  2.7  2.7  5.3  5.3
 88.520 0.375   15   75    5    2    4 |  64.3 C2   30% 89% |   82  0.11 |  2.7  2.7  5.3  8.0
 88.895 0.375   19   70    5    2    4 |  66.2 C2   20% 66% |   83  0.08 |  5.3  5.3  8.0 10.7
 89.270 0.375   10   84    3    1    1 |  70.5 C#2  19% 86% |   74  0.03 |  5.3  5.3  5.3  5.3
 89.645 0.375    7   87    4    1    1 |  74.2 D2   74% 92% |   78  0.04 |  5.3  2.7  2.7  5.3
 90.020 0.375   12   79    4    2    3 |  65.4 C2   54% 92% |   75  0.04 |  2.7  2.7  8.0  5.3
 90.395 0.375   14   77    3    2    4 |  65.5 C2   40% 81% |   80  0.07 |  5.3  5.3 10.7  8.0
 90.770 0.375   11   80    4    2    3 |  66.3 C2   29% 82% |   79  0.07 |  0.0  0.0  5.3  8.0
 91.145 0.375    9   84    3    2    2 |  69.2 C#2  20% 95% |   75  0.04 |  5.3  5.3  5.3  8.0
 91.520 0.375   16   74    4    2    3 |  65.0 C2   25% 95% |   82  0.09 |  2.7  2.7  8.0 10.7
 91.895 0.375   17   72    5    2    4 |  65.9 C2   18% 76% |   83  0.11 |  2.7  2.7  5.3  5.3
 92.270 0.375   17   75    3    2    3 |  66.3 C2   25% 74% |   82  0.10 |  5.3  5.3  5.3  8.0
 92.645 0.375   10   83    3    1    2 |  69.8 C#2  29% 89% |   77  0.04 |  8.0  8.0  8.0 10.7
 93.020 0.375   13   79    4    2    3 |  65.6 C2   30% 73% |   80  0.08 |  2.7  2.7  5.3  5.3
 93.395 0.375   15   77    4    2    3 |  66.4 C2   21% 76% |   85  0.12 |  2.7  2.7  8.0  8.0
 93.770 0.375   15   74    5    2    4 |  66.0 C2   22% 73% |   86  0.14 |  5.3  5.3  8.0  8.0
 94.145 0.375   15   73    5    3    3 |  66.0 C2   44% 89% |   89  0.13 |  5.3  5.3  8.0  8.0
 94.520 0.375   15   77    3    2    3 |  64.8 C2   16% 82% |   92  0.09 |  2.7  2.7  5.3  5.3
 94.895 0.375   14   76    5    2    3 |  67.0 C2   24% 68% |   80  0.13 |  2.7  2.7  5.3  5.3
 95.270 0.375   10   84    3    1    1 |  68.4 C#2  28% 76% |   74  0.03 |  8.0  8.0  8.0  8.0
 95.645 0.375    6   86    4    2    2 |  69.8 C#2  43% 100% |   77  0.03 |  5.3  5.3  8.0  8.0
 96.020 0.375   15   66   12    4    4 |  65.3 C2   40% 79% |  113  0.27 |  2.7  2.7  8.0  8.0
 96.395 0.375   13   70   10    3    3 |  65.5 C2   58% 84% |  107  0.22 |  2.7  2.7 10.7 10.7
 96.770 0.375   12   67   14    3    4 |  65.9 C2   33% 79% |  126  0.28 |  0.0  0.0  8.0  5.3
 97.145 0.375    9   80    5    4    2 |  69.4 C#2  16% 97% |   91  0.09 |  5.3  5.3  2.7  8.0
 97.520 0.375   13   68   11    5    4 |  65.4 C2   38% 86% |  119  0.24 |  2.7  2.7  5.3  8.0
 97.895 0.375   11   72   11    3    3 |  68.2 C#2  17% 79% |  105  0.21 |  2.7  2.7  5.3  8.0
 98.270 0.375   15   68   10    3    4 |  66.6 C2   39% 62% |  111  0.22 |  8.0  8.0  5.3  8.0
 98.645 0.375   10   77    6    5    2 |  70.8 C#2  29% 92% |   98  0.12 |  2.7  2.7  8.0  8.0
 99.020 0.375   13   70   10    4    4 |  66.0 C2   27% 79% |  108  0.25 |  5.3  5.3  8.0 10.7
 99.395 0.375   13   70   11    3    3 |  65.7 C2   41% 86% |  112  0.22 |  2.7  2.7  8.0  5.3
 99.770 0.375   13   71   10    3    3 |  65.9 C2   42% 82% |  108  0.23 |  5.3  0.0  2.7  8.0
100.145 0.375   11   70    9    7    3 |  68.0 C#2  34% 86% |  104  0.21 |  5.3  5.3  8.0 10.7
100.520 0.375   12   69   10    5    4 |  63.9 C2   29% 92% |  122  0.33 |  2.7  2.7  2.7  5.3
100.895 0.375   12   67   13    4    4 |  67.1 C2   15% 68% |  128  0.34 |  2.7  2.7  5.3  8.0
101.270 0.375    9   82    6    2    1 |  70.3 C#2  12% 89% |   89  0.09 |  5.3  5.3  5.3  5.3
101.645 0.375   11   77    6    5    2 |  72.4 D2   60% 92% |   94  0.10 |  8.0  5.3  8.0  8.0
102.020 0.375   12   73    9    3    3 |  65.6 C2   59% 86% |  103  0.17 |  5.3  5.3  5.3  5.3
102.395 0.375   13   69   10    3    4 |  65.6 C2   35% 82% |  114  0.25 |  0.0  0.0  5.3  8.0
102.770 0.375   14   66   12    3    4 |  65.4 C2   37% 81% |  116  0.25 |  5.3  5.3  8.0 10.7
103.145 0.375   11   77    5    5    2 |  69.7 C#2  14% 97% |   92  0.11 |  2.7  2.7  5.3  5.3
103.520 0.375   12   68   11    5    3 |  64.8 C2   44% 89% |  120  0.27 |  5.3  2.7  5.3  8.0
103.895 0.375    9   73   11    3    4 |  68.4 C#2  15% 70% |  111  0.24 |  5.3  5.3  8.0 10.7
104.270 0.375   14   71    9    3    4 |  66.9 C2   28% 66% |   95  0.14 |  5.3  5.3  5.3  5.3
104.645 0.375   11   74    7    6    3 |  71.2 C#2  25% 86% |   95  0.13 |  2.7  2.7  5.3  8.0
105.020 0.375   15   66   12    3    4 |  64.9 C2   32% 82% |  134  0.41 |  2.7  2.7  5.3  8.0
105.395 0.375   16   66   12    3    3 |  65.7 C2   26% 89% |  126  0.29 |  8.0  8.0 10.7 10.7
105.770 0.375   16   66   11    3    4 |  66.9 C2   24% 78% |  120  0.25 |  2.7  2.7  8.0  5.3
106.145 0.375   12   68    8    8    3 |  68.2 C#2  14% 95% |  131  0.27 |  5.3  5.3  2.7  8.0
106.520 0.375   12   69   11    5    3 |  65.3 C2   16% 86% |  143  0.75 |  2.7  2.7 10.7  8.0
106.895 0.375   13   69   12    4    3 |  66.8 C2   12% 68% |  120  0.26 |  2.7  2.7  2.7  5.3
107.270 0.375    9   81    7    2    1 |  71.1 C#2  26% 95% |   85  0.09 |  5.3  5.3  8.0  2.7
107.645 0.375    3   87    4    4    2 |  73.4 D2   26% 100% |   94  0.08 | 10.7 10.7  8.0 13.3
108.020 0.375   13   56   22    5    4 |  65.4 C2   39% 82% |  174  0.74 |  2.7  2.7  8.0  5.3
108.395 0.375   12   57   22    5    4 |  65.2 C2   48% 89% |  177  0.66 |  0.0  0.0  5.3  8.0
108.770 0.375   12   56   24    5    4 |  66.3 C2   32% 74% |  178  0.69 |  2.7  2.7  8.0  8.0
109.145 0.375    8   72    6   11    3 |  69.3 C#2  22% 100% |  113  0.17 |  5.3  5.3  8.0  8.0
109.520 0.375   11   58   13   14    4 |  65.3 C2   35% 82% |  191  0.73 |  2.7  2.7  2.7  8.0
109.895 0.375    9   54   26    6    4 |  67.1 C2   21% 76% |  179  0.73 |  2.7  2.7  5.3  8.0
110.270 0.375   13   60   18    5    4 |  66.9 C2   33% 57% |  126  0.26 |  8.0  8.0  8.0  8.0
110.645 0.375   10   67    7   12    3 |  70.3 C#2  26% 89% |  129  0.23 |  2.7  2.7  5.3  8.0
111.020 0.375   12   57   21    6    4 |  65.7 C2   38% 70% |  179  0.74 |  5.3  5.3  2.7  8.0
111.395 0.375   11   63   18    5    3 |  65.6 C2   34% 84% |  152  0.41 |  2.7  2.7  8.0 10.7
111.770 0.375   12   61   18    5    4 |  65.4 C2   48% 89% |  150  0.42 |  2.7  2.7  5.3  5.3
112.145 0.375   10   66    7   14    3 |  68.4 C#2  20% 92% |  133  0.26 |  2.7  2.7  2.7  8.0
112.520 0.375   11   60   12   13    4 |  65.2 C2   21% 89% |  233  1.01 |  2.7  2.7  5.3  8.0
112.895 0.375   10   60   21    5    4 |  67.9 C#2  17% 65% |  211  0.90 |  2.7  2.7  8.0  8.0
113.270 0.375    8   76   11    3    2 |  71.8 D2   29% 92% |  110  0.16 |  5.3  5.3  2.7  5.3
113.645 0.375    9   72    5   12    2 |  73.4 D2   46% 95% |  128  0.23 |  5.3  5.3  5.3  5.3
114.020 0.375   11   61   20    5    3 |  65.8 C2   50% 89% |  171  0.61 |  5.3  5.3  8.0 10.7
114.395 0.375   11   59   20    5    4 |  66.4 C2   38% 76% |  161  0.53 |  2.7  2.7  8.0  5.3
114.770 0.375   12   59   21    5    4 |  65.6 C2   38% 78% |  177  0.64 |  0.0  0.0  2.7  8.0
115.145 0.375    6   75    5   11    2 |  69.6 C#2  22% 97% |  128  0.21 |  5.3  5.3  5.3 10.7
115.520 0.375   10   55   17   13    4 |  65.2 C2   34% 78% |  206  0.81 |  2.7  2.7  2.7  5.3
115.895 0.375   12   49   29    6    5 |  68.0 C#2   8% 68% |  199  0.92 |  2.7  2.7  2.7  8.0
116.270 0.375   12   62   17    5    4 |  66.9 C2   36% 68% |  133  0.29 |  5.3  5.3  5.3  8.0
116.645 0.375   10   63    8   16    3 |  69.9 C#2  18% 89% |  136  0.29 |  5.3  5.3  8.0  8.0
117.020 0.375   12   58   20    6    4 |  65.4 C2   35% 68% |  201  0.99 |  8.0  5.3  0.0  8.0
117.395 0.375   11   61   19    5    3 |  65.5 C2   24% 92% |  134  0.39 |  2.7  2.7  8.0  8.0
117.770 0.375   13   57   21    5    4 |  68.1 C#2  21% 76% |  163  0.54 |  8.0  8.0 10.7 10.7
118.145 0.375    9   64    8   16    4 |  66.1 C2   22% 86% |  152  0.53 |  2.7  2.7  2.7  5.3
118.520 0.375   12   57   12   15    4 |  66.2 C2   22% 71% |  224  1.55 |  2.7  2.7  5.3  5.3
118.895 0.375   10   59   22    5    3 |  69.8 C#2   9% 61% |  211  0.99 |  5.3  5.3  8.0  8.0
119.270 0.375    8   74   13    3    2 |  70.2 C#2  15% 89% |  112  0.18 |  5.3  5.3  5.3  5.3
119.645 0.375    4   79    5   10    3 |  73.0 D2   24% 100% |  118  0.15 |  2.7  2.7  5.3  8.0
120.020 0.375   12   59   17    8    4 |  65.7 C2   37% 73% |  160  0.63 |  2.7  2.7  5.3  8.0
120.395 0.375   14   73    7    2    3 |  65.5 C2   48% 87% |   90  0.14 |  5.3  5.3 10.7  8.0
120.770 0.375   15   74    4    2    4 |  65.4 C2   30% 87% |   86  0.09 |  2.7  2.7  5.3  8.0
121.145 0.375    6   81    9    2    2 |  69.9 C#2  33% 97% |   84  0.07 |  2.7  2.7  5.3  8.0
121.520 0.375   13   60   19    4    3 |  65.1 C2   39% 74% |  126  0.56 |  2.7  2.7  5.3 10.7
121.895 0.375   12   61   20    4    3 |  68.3 C#2  11% 73% |  131  0.49 |  2.7  2.7  2.7  5.3
122.270 0.375   17   72    5    3    3 |  66.5 C2   31% 76% |   88  0.10 |  5.3  5.3  5.3  8.0
122.645 0.375    8   81    6    2    2 |  70.1 C#2  48% 89% |   83  0.08 |  8.0  8.0  8.0 10.7
123.020 0.375   11   63   18    5    4 |  66.2 C2   30% 79% |  137  0.66 |  5.3  5.3  5.3  5.3
123.395 0.375   14   71    8    3    4 |  65.3 C2   44% 89% |  100  0.14 |  2.7  2.7  2.7  8.0
123.770 0.375   14   77    3    2    4 |  65.6 C2   42% 84% |   78  0.06 |  0.0  0.0  8.0  8.0
124.145 0.375   10   76    9    3    2 |  67.3 C2   26% 92% |   87  0.12 |  5.3  5.3  8.0  8.0
124.520 0.375   12   61   19    5    4 |  64.4 C2   26% 84% |  155  1.00 |  2.7  2.7  5.3  8.0
124.895 0.375   14   56   22    5    4 |  63.5 B1   19% 55% |  144  0.67 |  2.7  2.7  5.3  8.0
125.270 0.375    9   75   12    3    2 |  71.8 D2   31% 92% |   95  0.16 |  5.3  5.3  8.0  8.0
125.645 0.375   10   80    7    2    1 |  72.6 D2   53% 92% |   85  0.08 |  8.0  8.0  8.0  5.3
126.020 0.375   12   65   16    4    3 |  65.5 C2   47% 89% |  114  0.34 |  2.7  2.7  2.7  5.3
126.395 0.375   16   68    9    3    4 |  65.4 C2   40% 81% |   98  0.17 |  5.3  5.3  8.0 10.7
126.770 0.375   14   76    5    2    3 |  65.7 C2   34% 76% |   84  0.09 |  2.7  2.7  8.0  5.3
127.145 0.375   10   73   12    3    2 |  68.4 C#2  14% 100% |   87  0.14 |  2.7  2.7  2.7  8.0
127.520 0.375   13   63   17    3    3 |  65.0 C2   33% 79% |  136  0.49 |  2.7  2.7  5.3  8.0
127.895 0.375   13   55   23    5    4 |  66.7 C2   20% 66% |  141  0.46 |  2.7  2.7  5.3  8.0
128.270 0.375   17   71    6    2    3 |  65.9 C2   24% 89% |   90  0.13 |  5.3  5.3  5.3  8.0
128.645 0.375   11   82    4    1    2 |  69.5 C#2  22% 95% |   80  0.04 |  5.3  5.3  5.3  8.0
129.020 0.375   12   60   20    4    4 |  64.9 C2   32% 76% |  144  0.76 |  5.3  5.3  8.0  8.0
129.395 0.375   12   77    6    2    3 |  66.4 C2   45% 87% |   99  0.14 |  5.3  5.3  8.0  8.0
129.770 0.375   15   74    5    2    3 |  70.9 C#2   8% 66% |   89  0.15 |  2.7  2.7  5.3  8.0
130.145 0.375   13   72   10    3    3 |  59.9 A#1  38% 100% |  102  0.25 |  5.3  5.3  5.3 10.7
130.520 0.375   13   62   18    4    3 |  64.9 C2   16% 84% |  143  0.71 |  2.7  2.7  5.3  5.3
130.895 0.375   14   63   16    4    3 |  67.7 C#2  15% 70% |  122  0.44 |  2.7  2.7  2.7  2.7
131.270 0.375   11   78    8    1    1 |  70.0 C#2  22% 95% |   85  0.10 |  5.3  5.3  5.3  5.3
131.645 0.375    6   84    5    3    3 |  70.8 C#2  32% 100% |   85  0.06 | 10.7 10.7 13.3 10.7
132.020 0.375   10   52   15   17    6 |  65.7 C2   36% 74% |  130  0.52 |  2.7  2.7  2.7  8.0
132.395 0.375   10   72   11    4    3 |  65.3 C2   50% 89% |  139  0.34 |  0.0  0.0  5.3  8.0
132.770 0.375   14   75    6    2    3 |  65.6 C2   38% 78% |   97  0.15 |  5.3  5.3 10.7 10.7
133.145 0.375    9   70   10    8    2 |  68.6 C#2  20% 92% |  120  0.26 |  2.7  2.7  2.7  5.3
133.520 0.375   12   53   14   17    4 |  65.6 C2   37% 95% |  201  0.55 |  2.7  2.7  2.7  8.0
133.895 0.375   10   51   23   12    5 |  67.1 C2   27% 68% |  170  0.65 |  5.3  5.3  8.0 10.7
134.270 0.375   14   60    6   16    4 |  64.8 C2   21% 89% |  120  0.34 |  5.3  5.3  5.3  5.3
134.645 0.375   12   72    7    7    2 |  69.3 C#2  27% 89% |  114  0.15 |  2.7  2.7  5.3  8.0
135.020 0.375   10   50   18   16    6 |  66.3 C2   33% 71% |  135  0.58 |  2.7  2.7  2.7  8.0
135.395 0.375    9   68   15    5    4 |  65.9 C2   32% 84% |  151  0.38 |  5.3  5.3 10.7  8.0
135.770 0.375   13   77    5    2    3 |  65.5 C2   43% 92% |   88  0.09 |  2.7  2.7  5.3  8.0
136.145 0.375   11   67    9   11    3 |  68.4 C#2  28% 95% |  127  0.21 |  2.7  2.7  5.3  8.0
136.520 0.375   10   51   15   19    5 |  65.5 C2   21% 76% |  243  1.11 |  2.7  2.7  5.3 10.7
136.895 0.375   12   52   14   17    5 |  67.1 C2   15% 68% |  211  1.12 |  2.7  2.7  5.3  5.3
137.270 0.375    8   69   10   11    2 |  71.0 C#2  34% 86% |  130  0.28 |  5.3  5.3  5.3  5.3
137.645 0.375   10   75    7    7    2 |  73.6 D2   49% 97% |  122  0.22 | 10.7  8.0  8.0  8.0
138.020 0.375   10   55   16   14    5 |  65.8 C2   45% 89% |  116  0.38 |  2.7  2.7  5.3  5.3
138.395 0.375    9   69   14    4    4 |  65.7 C2   34% 84% |  146  0.39 |  2.7  2.7  5.3  8.0
138.770 0.375   14   75    5    2    3 |  65.9 C2   37% 79% |   92  0.13 |  0.0  0.0  8.0  8.0
139.145 0.375    9   68   11   10    3 |  69.4 C#2  31% 95% |  131  0.29 |  5.3  5.3  8.0  8.0
139.520 0.375   10   58   16   12    4 |  65.4 C2   23% 82% |  191  0.81 |  5.3  2.7  2.7  8.0
139.895 0.375   11   51   16   17    5 |  69.0 C#2  15% 54% |  159  0.67 |  2.7  2.7  5.3  8.0
140.270 0.375   12   63    6   15    4 |  65.8 C2   29% 89% |  113  0.20 |  8.0  8.0  8.0 10.7
140.645 0.375   12   75    7    5    2 |  69.6 C#2  20% 92% |   98  0.12 |  5.3  5.3  8.0  5.3
141.020 0.375   10   54   15   15    6 |  65.8 C2   36% 68% |  144  0.78 |  0.0  0.0  2.7  8.0
141.395 0.375   12   66   14    4    3 |  65.3 C2   21% 87% |  137  0.42 |  8.0  8.0  8.0 10.7
141.770 0.375   15   73    6    2    4 |  67.5 C#2  18% 76% |  102  0.10 |  5.3  5.3  5.3  5.3
142.145 0.375   14   50   13   19    4 |  62.7 B1   15% 89% |  188  0.81 |  2.7  2.7  5.3  8.0
142.520 0.375    8   57   15   17    4 |  66.8 C2   30% 62% |  203  1.27 |  2.7  2.7  5.3  5.3
142.895 0.375   12   53   18   13    4 |  67.3 C2   15% 68% |  181  0.91 |  2.7  2.7  5.3  8.0
143.270 0.375    7   74   13    3    2 |  70.0 C#2  32% 89% |  105  0.18 |  5.3  5.3  2.7  2.7
143.645 0.375    7   78   10    3    3 |  70.7 C#2  38% 92% |  107  0.16 |  8.0  8.0  5.3 10.7
144.020 0.375   10   49   18   16    6 |  65.2 C2   31% 76% |  148  0.70 |  2.7  2.7  8.0  8.0
144.395 0.375   11   64    7   13    4 |  65.1 C2   51% 95% |  139  0.33 |  2.7  2.7  2.7  8.0
144.770 0.375   16   74    4    3    3 |  65.4 C2   35% 89% |   89  0.08 |  0.0  0.0  8.0  8.0
145.145 0.375    9   66   11   11    3 |  68.3 C#2  34% 100% |  100  0.16 |  5.3  5.3  8.0  8.0
145.520 0.375    8   63   12   13    4 |  65.3 C2   47% 92% |  194  0.97 |  2.7  2.7  2.7  8.0
145.895 0.375    9   50   19   17    5 |  67.9 C#2  21% 74% |  181  0.86 |  2.7  2.7  5.3  8.0
146.270 0.375   10   64    6   16    4 |  67.3 C2   59% 86% |   95  0.14 |  5.3  5.3  5.3  8.0
146.645 0.375   11   72    5    9    3 |  70.2 C#2  28% 95% |   92  0.09 |  8.0  8.0 10.7 10.7
147.020 0.375   11   52   16   16    6 |  65.5 C2   39% 76% |  127  0.45 |  2.7  2.7  2.7  5.3
147.395 0.375   12   64    6   14    4 |  65.3 C2   42% 95% |  172  0.53 |  0.0  0.0  5.3  8.0
147.770 0.375   14   75    4    4    4 |  65.3 C2   37% 92% |   88  0.10 |  5.3  5.3 10.7 10.7
148.145 0.375    9   67   12    9    3 |  68.4 C#2  37% 95% |   95  0.15 |  2.7  2.7  2.7  5.3
148.520 0.375    8   54   15   18    4 |  65.0 C2   57% 92% |  234  1.09 |  2.7  2.7  5.3  8.0
148.895 0.375   11   51   16   18    5 |  65.7 C2   22% 73% |  245  1.56 |  5.3  5.3  5.3 10.7
149.270 0.375    8   64   13   12    2 |  68.8 C#2  24% 87% |  144  0.35 |  2.7  2.7  2.7  2.7
149.645 0.375   10   77    6    6    1 |  71.9 D2   69% 92% |  104  0.13 | 10.7  8.0  8.0  5.3
150.020 0.375   11   54   16   14    5 |  65.4 C2   56% 86% |  118  0.40 |  0.0  0.0  2.7  8.0
150.395 0.375   13   63    7   13    4 |  65.3 C2   42% 87% |  146  0.36 |  5.3  5.3  5.3  8.0
150.770 0.375   16   73    5    3    3 |  65.0 C2   38% 92% |   88  0.10 |  0.0  0.0  5.3  8.0
151.145 0.375    8   66   12   11    3 |  69.3 C#2  31% 95% |  101  0.17 |  5.3  5.3  5.3  8.0
151.520 0.375    7   62   12   15    4 |  65.1 C2   41% 92% |  217  1.55 |  2.7  2.7  5.3 10.7
151.895 0.375    9   48   20   17    5 |  67.1 C2   19% 71% |  154  0.74 |  2.7  2.7  2.7  5.3
152.270 0.375   10   64    6   16    4 |  69.0 C#2  25% 74% |   99  0.20 |  5.3  5.3  5.3  8.0
152.645 0.375   11   74    5    8    2 |  70.1 C#2  32% 92% |   95  0.10 |  8.0  8.0  8.0 10.7
153.020 0.375   11   51   16   16    6 |  65.0 C2   29% 74% |  136  0.62 |  2.7  2.7  2.7  5.3
153.395 0.375   14   64    7   12    3 |  65.1 C2   21% 92% |  136  0.34 |  2.7  2.7  8.0  8.0
153.770 0.375   16   71    6    4    3 |  66.4 C2   14% 92% |  102  0.22 |  5.3  5.3  8.0  8.0
154.145 0.375   13   56   12   15    3 |  61.7 B1   30% 97% |  123  0.35 |  5.3  5.3  5.3  8.0
154.520 0.375    9   45   22   20    5 |  65.4 C2   19% 86% |  229  1.48 |  2.7  2.7  2.7  5.3
154.895 0.375   11   53   16   16    4 |  66.6 C2   10% 82% |  197  0.94 |  2.7  2.7  5.3  5.3
155.270 0.375    6   77    5   10    2 |  71.1 C#2  49% 95% |  112  0.20 |  2.7  2.7  2.7  8.0
155.645 0.375    4   84    4    6    3 |  71.7 D2   47% 100% |   92  0.08 |  8.0  8.0 10.7  8.0
156.020 0.375   10   44   17   22    7 |  65.5 C2   42% 82% |  157  0.70 |  0.0  0.0  2.7  8.0
156.395 0.375   13   63    6   14    4 |  65.1 C2   50% 92% |  124  0.26 |  5.3  5.3  8.0 10.7
156.770 0.375   14   75    4    4    4 |  64.7 C2   39% 87% |   91  0.13 |  2.7  2.7  8.0  5.3
157.145 0.375    9   61    9   17    4 |  68.5 C#2  38% 100% |  120  0.20 |  2.7  2.7  2.7  8.0
157.520 0.375    7   58   11   20    5 |  65.2 C2   46% 92% |  237  1.40 |  2.7  2.7  2.7  8.0
157.895 0.375    8   45   20   22    6 |  67.2 C2   29% 65% |  174  0.89 |  2.7  2.7  5.3  8.0
158.270 0.375   10   56    9   21    5 |  66.7 C2   35% 61% |  116  0.34 |  5.3  5.3  2.7  8.0
158.645 0.375   12   71    6    9    3 |  69.6 C#2  22% 95% |   91  0.12 |  5.3  5.3  5.3  8.0
159.020 0.375    8   47   21   19    6 |  65.3 C2   30% 73% |  168  0.83 |  5.3  5.3  5.3 10.7
159.395 0.375   13   62    7   15    4 |  65.0 C2   48% 82% |  147  0.39 |  2.7  2.7  2.7  5.3
159.770 0.375   15   72    5    4    3 |  65.5 C2   47% 92% |   93  0.12 |  0.0  0.0  5.3  8.0
160.145 0.375   10   62   11   14    3 |  68.4 C#2  24% 97% |  130  0.27 |  5.3  5.3 10.7 10.7
160.520 0.375    9   43   20   24    5 |  64.3 C2   58% 87% |  234  1.29 |  2.7  2.7  2.7  5.3
160.895 0.375   10   45   20   20    4 |  67.1 C2   15% 70% |  242  1.52 |  2.7  2.7  2.7  8.0
161.270 0.375    7   65   13   12    3 |  71.4 D2   20% 92% |  149  0.35 |  5.3  5.3  5.3  5.3
161.645 0.375   12   75    6    6    2 |  71.8 D2   47% 97% |  101  0.12 |  8.0  5.3  5.3  8.0
162.020 0.375    8   52   14   20    6 |  65.6 C2   50% 95% |  131  0.48 |  5.3  2.7  0.0  5.3
162.395 0.375   12   62    5   16    5 |  65.4 C2   35% 84% |  168  0.48 |  2.7  2.7  8.0  8.0
162.770 0.375   13   73    6    4    4 |  65.3 C2   30% 87% |   97  0.13 |  5.3  5.3 10.7 10.7
163.145 0.375    9   63    7   17    3 |  67.9 C#2  22% 97% |  121  0.19 |  2.7  2.7  2.7  5.3
163.520 0.375    7   54   11   22    5 |  65.8 C2   32% 92% |  271  1.57 |  2.7  2.7  5.3  8.0
163.895 0.375    9   41   22   22    6 |  67.9 C#2  16% 66% |  197  1.29 |  5.3  5.3  8.0 10.7
164.270 0.375   11   56    9   19    5 |  63.1 B1    9% 86% |  117  0.38 |  2.7  2.7  2.7  5.3
164.645 0.375   12   69    6   11    3 |  69.8 C#2  31% 95% |  105  0.14 |  8.0  8.0  8.0  8.0
165.020 0.375    7   53   17   18    6 |  64.7 C2   31% 76% |  140  0.62 |  0.0  0.0  2.7  8.0
165.395 0.375   12   58    9   17    4 |  66.0 C2   29% 92% |  148  0.43 |  8.0  8.0  8.0 10.7
165.770 0.375   11   68    7   10    4 |  66.6 C2   41% 89% |  103  0.14 |  5.3  5.3  5.3  5.3
166.145 0.375   13   54   13   16    4 |  64.4 C2   27% 100% |  180  0.96 |  2.7  2.7  5.3  8.0
166.520 0.375    8   44   20   23    5 |  63.6 C2   52% 87% |  241  2.11 |  2.7  2.7  2.7  8.0
166.895 0.375   11   42   17   25    5 |  65.4 C2   21% 78% |  248  2.16 |  2.7  2.7  2.7  2.7
167.270 0.375    8   67    8   14    3 |  69.6 C#2  24% 89% |  123  0.26 |  5.3  5.3  5.3  5.3
167.645 0.375    6   82    4    6    3 |  71.2 C#2  51% 97% |   95  0.10 |  8.0  8.0 10.7 13.3
168.020 0.375   11   80    3    2    4 |  65.4 C2   37% 81% |   86  0.10 |  2.7  2.7  8.0  5.3
168.395 0.375   14   79    3    2    3 |  65.7 C2   40% 92% |   77  0.05 |  2.7  2.7  5.3  8.0
168.770 0.375   15   74    5    3    4 |  65.1 C2   48% 78% |   82  0.09 |  0.0  0.0  8.0  8.0
169.145 0.375   13   80    4    1    2 |  68.3 C#2  22% 95% |   76  0.04 |  5.3  5.3  5.3 10.7
169.520 0.375   16   74    5    2    3 |  64.3 C2   46% 74% |   79  0.06 |  2.7  2.7  5.3  5.3
169.895 0.375   17   75    3    2    3 |  66.7 C2   13% 81% |   78  0.06 |  2.7  2.7  5.3  8.0
170.270 0.375   18   72    4    2    3 |  65.9 C2   26% 89% |   83  0.16 |  8.0  8.0  8.0 10.7
170.645 0.375   12   80    4    1    2 |  70.3 C#2  22% 100% |   78  0.05 |  5.3  5.3  5.3  5.3
171.020 0.375   16   72    4    3    4 |  65.4 C2   40% 79% |   86  0.10 |  0.0  0.0  8.0  8.0
171.395 0.375   14   78    3    2    3 |  65.8 C2   41% 84% |   80  0.06 |  5.3  5.3 10.7 10.7
171.770 0.375   10   83    3    2    3 |  65.4 C2   43% 81% |   76  0.06 |  2.7  2.7  8.0  5.3
172.145 0.375   13   79    4    2    2 |  68.6 C#2  18% 100% |   78  0.05 |  2.7  2.7  5.3  8.0
172.520 0.375   15   75    4    2    4 |  65.0 C2   23% 84% |   83  0.10 |  2.7  2.7  5.3  8.0
172.895 0.375   17   72    5    2    4 |  65.4 C2   25% 53% |   84  0.12 |  5.3  5.3  8.0 10.7
173.270 0.375   10   85    2    1    1 |  71.5 D2   26% 92% |   73  0.03 |  5.3  2.7  2.7  5.3
173.645 0.375   11   83    4    1    1 |  73.2 D2   46% 97% |   77  0.04 |  8.0  8.0  8.0  2.7
174.020 0.375   10   83    2    2    3 |  65.8 C2   42% 87% |   74  0.04 |  5.3  5.3 10.7 10.7
174.395 0.375   13   78    3    2    4 |  65.7 C2   31% 86% |   80  0.07 |  2.7  2.7  8.0  5.3
174.770 0.375   15   72    5    3    4 |  65.5 C2   42% 82% |   88  0.11 |  2.7  0.0  5.3  8.0
175.145 0.375   13   80    4    2    2 |  68.2 C#2  31% 95% |   78  0.06 |  5.3  5.3  8.0 10.7
175.520 0.375   16   74    4    2    4 |  65.3 C2   31% 84% |   81  0.08 |  2.7  2.7  2.7  5.3
175.895 0.375   16   72    6    2    4 |  66.9 C2   12% 68% |   80  0.11 |  2.7  2.7  8.0  8.0
176.270 0.375   17   74    3    2    3 |  66.0 C2   26% 73% |   83  0.07 |  5.3  5.3  5.3  8.0
176.645 0.375   14   78    4    2    2 |  68.1 C#2  36% 87% |   80  0.05 |  8.0  8.0  8.0  8.0
177.020 0.375   13   79    3    2    3 |  64.8 C2   32% 76% |   86  0.11 |  2.7  2.7  5.3  8.0
177.395 0.375   15   77    4    2    3 |  66.6 C2   27% 68% |   87  0.12 |  2.7  2.7  8.0  8.0
177.770 0.375   13   78    4    2    3 |  67.5 C#2  20% 81% |   83  0.09 |  8.0  8.0 10.7 10.7
178.145 0.375   16   74    5    2    3 |  64.4 C2   39% 100% |   86  0.09 |  2.7  2.7  5.3  5.3
178.520 0.375   17   75    4    2    3 |  63.5 C2   20% 79% |   91  0.09 |  2.7  2.7  5.3  5.3
178.895 0.375   19   71    5    2    3 |  66.3 C2   25% 65% |   80  0.10 |  5.3  5.3  8.0  8.0
179.270 0.375   11   84    3    1    1 |  69.9 C#2  22% 84% |   73  0.03 |  5.3  5.3  5.3  5.3
179.645 0.375    7   85    3    2    2 |  69.8 C#2  69% 100% |   75  0.04 |  5.3  2.7  8.0  8.0
