# CyborgNinja  grain 8 s  STFT 16384 (0.372 s window)  pitch: YIN 100 ms / 10 ms hop  onsets: per second  subwob: yes
   t(s)  sub bass  lm  mid high | f0Hz note held vcd | cen   h/f | subwob beats depth | low click mid high
  0.000    9   74   11    3    3 |  66.4 C2   31% 84% |   92  0.12 | 1.300  3.51 0.80 |  3.8  3.6  5.8  7.6
  8.000    9   70   11    7    3 |  67.2 C2   26% 83% |  100  0.17 | 0.372  1.00 0.83 |  4.1  4.0  5.6  7.8
 16.000    8   67   12   10    3 |  67.7 C#2  21% 80% |  119  0.22 | 0.395  1.07 0.82 |  4.4  4.1  5.1  7.5
 24.000    8   65   12   11    4 |  66.6 C2   28% 83% |  124  0.23 | 1.300  3.51 0.81 |  3.5  3.5  5.2  7.8
 32.000    4   73   11    8    4 |  67.4 C#2  41% 85% |  110  0.18 | 0.395  1.07 0.99 |  4.4  4.2  7.0  7.8
 40.000    1   77   12    7    3 |  69.0 C#2  18% 82% |  108  0.19 | 0.116  0.31 0.92 |  4.2  4.1  8.0  7.5
 48.000    7   67   10   12    4 |  66.5 C2   30% 88% |  110  0.19 | 0.395  1.07 0.85 |  3.8  3.6  5.8  7.8
 56.000    8   67    9   12    4 |  66.8 C2   27% 85% |  103  0.17 | 0.395  1.07 0.84 |  3.9  3.9  5.6  7.8
 64.000    8   66   10   12    3 |  67.2 C2   23% 85% |  113  0.21 | 0.395  1.07 0.87 |  4.1  4.1  5.2  7.5
 72.000    9   69   11    7    3 |  66.4 C2   30% 87% |  101  0.17 | 1.672  4.52 0.84 |  3.6  3.6  5.9  7.8
 80.000   10   74    8    5    3 |  66.8 C2   27% 84% |   86  0.07 | 1.300  3.51 0.85 |  4.0  4.0  6.8  7.8
 88.000    9   83    3    2    3 |  67.3 C2   26% 83% |   79  0.04 | 1.300  3.51 0.83 |  4.1  4.0  6.8  7.5
 96.000    9   75    9    4    3 |  66.6 C2   28% 84% |   97  0.13 | 0.372  1.00 0.82 |  4.0  3.5  6.2  7.8
104.000    9   70   12    6    3 |  67.2 C2   26% 83% |  116  0.20 | 0.395  1.07 0.83 |  4.1  4.1  6.4  7.8
112.000    8   67   14    9    3 |  67.8 C#2  21% 82% |  129  0.24 | 0.395  1.07 0.82 |  4.1  4.0  5.4  7.5
120.000    9   74   11    3    3 |  66.5 C2   29% 83% |   94  0.14 | 0.395  1.07 0.81 |  3.8  3.8  6.0  7.8
128.000    9   71   10    6    3 |  66.9 C2   26% 84% |   97  0.15 | 0.372  1.00 0.84 |  4.1  4.1  5.9  7.8
136.000    8   67   11   10    3 |  67.7 C#2  22% 82% |  119  0.22 | 0.395  1.07 0.82 |  4.2  4.0  5.8  7.5
144.000    8   66   11   12    4 |  66.8 C2   31% 88% |  111  0.21 | 0.418  1.13 0.86 |  3.6  3.5  5.5  7.8
152.000    8   64   10   14    4 |  67.0 C2   25% 85% |  109  0.19 | 0.372  1.00 0.83 |  3.9  3.9  5.1  7.8
160.000    8   62   11   16    4 |  67.0 C2   25% 88% |  124  0.26 | 1.324  3.58 0.86 |  4.2  4.0  5.4  7.5
168.000   11   81    3    2    3 |  66.4 C2   31% 85% |   78  0.04 | 1.300  3.51 0.83 |  3.9  3.6  6.9  7.8
176.000   11   81    3    2    3 |  67.3 C2   27% 80% |   79  0.05 | 0.395  1.07 0.81 |  2.4  2.2  3.5  3.8
