# CyborgNinja  grain 4bar (30 slices, bar-synchronous on the 160.00 bpm grid)  STFT 16384
   t(s)   dur  sub bass  lm  mid high | f0Hz note held vcd | cen   h/f | low click mid high
  0.020 6.000    9   74   11    3    3 |  66.9 C2   25% 84% |   92  0.12 |  3.8  3.8  6.0  7.7
  6.020 6.000    9   75   11    3    3 |  67.3 C#2  24% 84% |   91  0.12 |  4.2  4.0  5.8  7.5
 12.020 6.000    8   66   12   11    4 |  67.2 C2   26% 80% |  120  0.22 |  4.3  3.8  4.8  7.8
 18.020 6.000    8   67   12   10    4 |  67.3 C2   26% 80% |  112  0.21 |  4.0  4.0  5.3  7.5
 24.020 6.000    8   66   11   11    4 |  66.9 C2   27% 82% |  124  0.23 |  3.7  3.7  5.3  7.7
 30.020 6.000    8   66   12   10    4 |  67.0 C2   25% 83% |  117  0.21 |  4.0  4.0  5.8  7.7
 36.020 6.000    1   78   12    6    3 |  68.3 C#2  21% 88% |  105  0.17 |  4.5  4.3  7.8  7.8
 42.020 6.000    0   77   11    7    4 |  68.1 C#2  25% 80% |  107  0.18 |  4.2  4.0  8.2  7.7
 48.020 6.000    7   68    9   11    3 |  66.8 C2   27% 88% |  106  0.18 |  3.7  3.7  5.7  7.5
 54.020 6.000    8   67    9   13    4 |  66.7 C2   28% 88% |  108  0.18 |  4.0  3.8  5.5  7.7
 60.020 6.000    9   66   10   12    4 |  66.8 C2   27% 83% |  108  0.20 |  3.8  3.8  5.7  7.8
 66.020 6.000    8   66   10   12    4 |  66.9 C2   25% 85% |  106  0.20 |  4.2  4.2  5.3  7.5
 72.020 6.000    9   69   12    7    3 |  66.7 C2   28% 87% |   99  0.16 |  3.8  3.8  6.0  7.8
 78.020 6.000    8   69   11    8    3 |  67.0 C2   26% 86% |   99  0.16 |  3.8  3.8  5.8  7.5
 84.020 6.000   11   82    3    2    3 |  66.6 C2   27% 84% |   79  0.04 |  3.8  3.7  6.8  7.8
 90.020 6.000    9   83    3    2    3 |  66.8 C2   29% 83% |   79  0.04 |  4.2  4.2  7.0  7.5
 96.020 6.000    9   75    9    4    3 |  67.1 C2   27% 83% |   97  0.13 |  4.0  3.5  6.3  7.8
102.020 6.000    9   75    9    4    3 |  67.1 C2   25% 85% |   97  0.12 |  4.5  4.3  6.5  7.7
108.020 6.000    8   66   14    8    3 |  67.1 C2   27% 83% |  128  0.24 |  3.5  3.5  5.7  7.5
114.020 6.000    8   66   15    8    3 |  67.4 C#2  25% 81% |  130  0.26 |  4.2  4.0  5.5  7.7
120.020 6.000    9   74   11    3    3 |  66.8 C2   27% 83% |   93  0.13 |  4.0  4.0  6.2  7.8
126.020 6.000   10   74   10    3    3 |  66.6 C2   28% 85% |   92  0.14 |  4.3  4.3  6.0  7.5
132.020 6.000    9   66   11   11    4 |  67.2 C2   24% 84% |  122  0.23 |  3.8  3.7  5.7  7.8
138.020 6.000    8   67   12    9    3 |  67.2 C2   25% 81% |  114  0.20 |  4.2  4.0  5.7  7.5
144.020 6.000    8   66   11   12    4 |  67.0 C2   29% 88% |  111  0.21 |  3.8  3.7  5.8  7.7
150.020 6.000    8   66   10   12    4 |  67.1 C2   23% 88% |  107  0.19 |  3.8  3.8  5.3  7.7
156.020 6.000    8   61   11   15    4 |  66.9 C2   25% 85% |  117  0.24 |  3.7  3.5  4.8  7.8
162.020 6.000    8   62   10   16    4 |  66.6 C2   28% 88% |  117  0.24 |  4.3  4.2  5.5  7.7
168.020 6.000   11   81    3    2    3 |  66.7 C2   29% 85% |   78  0.04 |  3.8  3.7  6.7  7.5
174.020 6.000   11   81    3    2    3 |  66.4 C2   32% 82% |   79  0.04 |  4.3  4.0  7.0  7.7
