# CyborgNinja  grain 3 s  STFT 16384 (0.372 s window)  pitch: YIN 100 ms / 10 ms hop  onsets: per second  subwob: yes
   t(s)  sub bass  lm  mid high | f0Hz note held vcd | cen   h/f | subwob beats depth | low click mid high
  0.000   10   74   10    3    3 |  66.4 C2   29% 83% |   89  0.10 | 1.277  3.45 0.82 |  3.3  3.3  5.0  7.7
  3.000    8   75   11    3    3 |  67.3 C2   21% 85% |   98  0.16 | 0.372  1.00 0.79 |  4.0  4.0  6.7  7.3
  6.000    9   75   11    3    3 |  66.5 C2   33% 81% |   90  0.11 | 0.372  1.00 0.80 |  4.3  4.0  5.7  8.0
  9.000    8   76   11    3    3 |  68.2 C#2  22% 87% |   94  0.15 | 0.372  1.00 0.85 |  4.0  4.0  6.0  7.3
 12.000    9   65   12   11    4 |  66.7 C2   32% 80% |  114  0.20 | 0.372  1.00 0.80 |  4.3  4.0  5.3  8.0
 15.000    8   67   12   10    3 |  67.6 C#2  19% 80% |  124  0.24 | 0.372  1.00 0.78 |  4.3  3.7  4.3  7.3
 18.000    9   65   12   11    4 |  66.7 C2   32% 76% |  115  0.21 | 0.372  1.00 0.80 |  4.0  4.0  5.7  8.0
 21.000    8   69   12    8    3 |  67.8 C#2  23% 83% |  112  0.21 | 0.372  1.00 0.86 |  4.3  4.3  5.3  7.3
 24.000    9   65   11   11    4 |  66.6 C2   30% 81% |  122  0.21 | 0.372  1.00 0.82 |  3.7  3.7  5.3  8.0
 27.000    7   67   11   11    3 |  67.4 C#2  23% 83% |  124  0.25 | 0.372  1.00 0.80 |  3.7  3.7  5.3  7.3
 30.000    8   65   12   11    4 |  66.4 C2   28% 84% |  118  0.21 | 0.372  1.00 0.80 |  3.7  3.7  5.0  8.0
 33.000    7   68   13    8    3 |  67.6 C#2  26% 83% |  115  0.21 | 0.395  1.07 0.89 |  4.3  4.3  6.3  7.3
 36.000    0   78   10    8    4 |  67.5 C#2  46% 88% |  102  0.13 | 0.906  2.45 0.87 |  4.3  4.0  8.0  8.0
 39.000    1   78   13    5    3 |  69.2 C#2  14% 87% |  108  0.20 | 0.116  0.31 0.88 |  4.3  4.3  7.7  7.3
 42.000    1   78   10    8    4 |  67.6 C#2  38% 86% |  104  0.16 | 1.184  3.20 0.90 |  4.0  4.0  7.7  8.0
 45.000    0   77   12    7    4 |  69.0 C#2  19% 75% |  111  0.21 | 1.184  3.20 0.96 |  4.3  4.0  8.7  7.3
 48.000    8   68    9   12    4 |  66.4 C2   32% 87% |   96  0.15 | 0.395  1.07 0.86 |  3.7  3.7  6.0  8.0
 51.000    7   69   10   11    3 |  67.7 C#2  22% 89% |  119  0.22 | 0.789  2.13 0.84 |  4.0  4.0  5.7  7.3
 54.000    8   66   10   13    4 |  66.4 C2   36% 86% |   99  0.17 | 0.395  1.07 0.83 |  4.0  3.7  5.7  8.0
 57.000    7   68    9   12    3 |  67.5 C#2  23% 90% |  112  0.22 | 0.395  1.07 0.87 |  4.0  4.0  5.3  7.3
 60.000    9   67    9   12    4 |  66.6 C2   31% 81% |   99  0.15 | 0.372  1.00 0.79 |  3.7  3.7  5.7  8.0
 63.000    8   66   11   12    3 |  67.0 C2   23% 85% |  126  0.24 | 0.372  1.00 0.84 |  4.0  4.0  5.3  7.3
 66.000    9   65   10   12    4 |  66.6 C2   31% 82% |  103  0.17 | 0.395  1.07 0.83 |  3.7  3.7  4.7  8.0
 69.000    8   68   10   12    3 |  67.2 C2   22% 88% |  114  0.23 | 0.395  1.07 0.89 |  4.3  4.3  6.0  7.3
 72.000    9   69   10    8    4 |  66.3 C2   31% 85% |   99  0.16 | 0.372  1.00 0.81 |  3.7  3.7  6.0  8.0
 75.000   10   68   13    6    3 |  67.0 C2   24% 90% |  101  0.18 | 0.116  0.31 0.84 |  4.0  4.0  6.0  7.3
 78.000    9   69   10    8    4 |  66.1 C2   32% 86% |   99  0.15 | 0.395  1.07 0.85 |  3.7  3.7  5.7  8.0
 81.000    8   69   12    8    3 |  68.4 C#2  22% 86% |  102  0.18 | 1.300  3.51 0.86 |  4.3  4.3  6.3  7.3
 84.000   11   80    4    2    3 |  66.1 C2   35% 82% |   79  0.05 | 0.395  1.07 0.85 |  3.7  3.7  7.0  8.0
 87.000   10   83    3    2    2 |  67.5 C#2  18% 85% |   79  0.04 | 1.300  3.51 0.82 |  4.0  3.7  6.7  7.3
 90.000    9   83    3    2    3 |  66.5 C2   30% 86% |   78  0.04 | 0.372  1.00 0.81 |  3.7  3.7  6.7  8.0
 93.000    9   83    4    2    3 |  67.3 C2   33% 79% |   81  0.05 | 0.372  1.00 0.83 |  4.3  4.3  7.3  7.3
 96.000    9   75    9    4    3 |  66.8 C2   31% 82% |   97  0.13 | 0.372  1.00 0.82 |  3.7  3.7  6.7  8.0
 99.000    9   75    9    4    3 |  67.6 C#2  21% 84% |   96  0.12 | 0.372  1.00 0.81 |  4.7  3.7  5.7  7.3
102.000   10   75    8    4    3 |  66.4 C2   31% 83% |   96  0.13 | 1.324  3.58 0.83 |  4.0  3.7  6.3  8.0
105.000    9   76    9    4    3 |  68.0 C#2  19% 86% |   97  0.12 | 0.372  1.00 0.86 |  4.7  4.7  6.7  7.3
108.000    9   64   15    8    4 |  66.8 C2   30% 81% |  130  0.26 | 1.324  3.58 0.83 |  3.7  3.7  6.3  8.0
111.000    8   68   13    8    3 |  67.5 C#2  20% 85% |  125  0.23 | 0.372  1.00 0.79 |  3.7  3.7  5.3  7.3
114.000    8   64   15    8    4 |  67.0 C2   28% 81% |  138  0.30 | 0.372  1.00 0.81 |  3.7  3.7  5.0  8.0
117.000    7   68   14    8    3 |  68.1 C#2  25% 80% |  126  0.21 | 0.395  1.07 0.88 |  4.7  4.3  6.0  7.3
120.000    9   74   10    4    3 |  66.7 C2   31% 83% |   91  0.11 | 0.372  1.00 0.79 |  3.7  3.7  5.7  8.0
123.000    9   74   11    3    3 |  67.1 C2   20% 83% |   96  0.15 | 0.395  1.07 0.80 |  4.3  4.3  6.3  7.3
126.000   10   74   10    3    3 |  65.9 C2   33% 84% |   91  0.13 | 0.395  1.07 0.84 |  3.7  3.7  5.7  8.0
129.000    9   75   10    3    3 |  67.4 C#2  23% 85% |   93  0.15 | 0.395  1.07 0.85 |  4.7  4.7  6.3  7.3
132.000    9   66   11   10    4 |  66.2 C2   29% 85% |  112  0.18 | 0.372  1.00 0.83 |  3.7  3.7  5.7  8.0
135.000    8   66   11   11    3 |  68.1 C#2  18% 83% |  125  0.24 | 0.372  1.00 0.80 |  4.0  3.7  5.7  7.3
138.000    8   68   11   10    4 |  66.6 C2   30% 83% |  109  0.18 | 0.395  1.07 0.83 |  4.0  3.7  6.3  8.0
141.000    8   67   13    9    3 |  67.8 C#2  24% 79% |  115  0.22 | 0.418  1.13 0.82 |  4.3  4.3  5.3  7.3
144.000    8   66   10   12    4 |  67.0 C2   32% 88% |  102  0.18 | 0.395  1.07 0.85 |  3.7  3.7  6.0  8.0
147.000    8   66   11   12    3 |  67.2 C2   25% 88% |  126  0.25 | 0.395  1.07 0.85 |  4.0  3.7  5.3  7.3
150.000    8   66   10   12    4 |  66.9 C2   27% 87% |  104  0.17 | 0.418  1.13 0.86 |  3.7  3.7  5.0  8.0
153.000    8   67   10   12    3 |  67.3 C2   21% 89% |  113  0.23 | 0.395  1.07 0.82 |  4.0  4.0  5.7  7.3
156.000    8   61   10   16    4 |  66.7 C2   30% 84% |  108  0.19 | 0.395  1.07 0.84 |  3.7  3.7  5.0  8.0
159.000    9   61   12   14    4 |  67.4 C#2  19% 86% |  133  0.30 | 0.395  1.07 0.84 |  4.0  3.7  4.7  7.3
162.000    9   61   10   17    4 |  66.3 C2   32% 88% |  112  0.20 | 0.395  1.07 0.83 |  4.0  3.7  5.7  8.0
165.000    8   62   11   15    4 |  66.9 C2   27% 89% |  127  0.27 | 1.277  3.45 0.90 |  4.3  4.3  5.3  7.3
168.000   12   80    3    2    3 |  66.1 C2   33% 86% |   78  0.04 | 0.372  1.00 0.82 |  3.7  3.7  6.7  8.0
171.000   11   82    3    2    2 |  67.6 C#2  22% 84% |   78  0.04 | 0.395  1.07 0.83 |  4.3  4.0  7.0  7.3
174.000   12   80    3    2    3 |  66.3 C2   35% 83% |   78  0.05 | 0.395  1.07 0.82 |  4.0  3.7  6.7  8.0
177.000   10   82    3    2    3 |  66.9 C2   27% 81% |   80  0.04 | 0.395  1.07 0.81 |  4.3  4.3  7.3  7.3
