# CyborgNinja  grain 5 s  STFT 16384 (0.372 s window)  pitch: YIN 100 ms / 10 ms hop  onsets: per second  subwob: yes
   t(s)  sub bass  lm  mid high | f0Hz note held vcd | cen   h/f | subwob beats depth | low click mid high
  0.000   10   73   11    3    3 |  66.0 C2   33% 84% |   92  0.12 | 1.300  3.51 0.81 |  3.2  3.2  5.8  7.8
  5.000    9   75   10    3    3 |  67.2 C2   24% 82% |   91  0.12 | 0.372  1.00 0.81 |  4.8  4.6  6.0  7.6
 10.000    8   70   11    7    3 |  67.8 C#2  24% 84% |  106  0.18 | 1.300  3.51 0.83 |  4.0  3.8  5.4  7.6
 15.000    8   66   12   10    4 |  66.9 C2   29% 80% |  122  0.24 | 0.372  1.00 0.80 |  4.0  3.6  4.8  7.6
 20.000    8   68   11    9    4 |  67.4 C#2  25% 81% |  110  0.19 | 0.395  1.07 0.82 |  4.2  4.2  5.4  7.6
 25.000    8   66   11   12    4 |  67.3 C2   26% 81% |  126  0.24 | 1.300  3.51 0.81 |  3.8  3.8  5.4  7.6
 30.000    9   64   13   11    4 |  66.0 C2   31% 82% |  121  0.22 | 1.300  3.51 0.80 |  3.8  3.8  5.4  7.8
 35.000    2   78   11    6    3 |  68.2 C#2  23% 88% |  105  0.16 | 0.116  0.31 0.98 |  4.4  4.2  7.8  7.8
 40.000    1   77   12    7    3 |  68.9 C#2  17% 86% |  105  0.18 | 0.116  0.31 0.90 |  4.2  4.2  7.6  7.6
 45.000    3   73   12    9    4 |  67.4 C#2  39% 79% |  109  0.20 | 0.464  1.26 0.99 |  3.8  3.6  7.6  7.6
 50.000    8   69    9   11    3 |  66.9 C2   27% 90% |  110  0.19 | 0.906  2.45 0.84 |  4.2  4.0  5.6  7.6
 55.000    7   67    9   13    4 |  67.1 C2   25% 87% |  108  0.18 | 0.395  1.07 0.85 |  4.0  4.0  5.6  7.6
 60.000    9   65   10   12    4 |  65.9 C2   38% 83% |  104  0.19 | 0.372  1.00 0.82 |  3.4  3.4  5.6  8.0
 65.000    9   65   10   12    4 |  67.2 C2   24% 83% |  107  0.19 | 1.300  3.51 0.84 |  4.4  4.4  5.2  7.6
 70.000    8   70   10    9    3 |  66.9 C2   26% 86% |  104  0.17 | 0.116  0.31 0.87 |  3.8  3.8  5.8  7.6
 75.000    9   69   12    7    3 |  66.4 C2   29% 89% |  101  0.18 | 0.116  0.31 0.85 |  3.6  3.6  5.8  7.6
 80.000    9   71   10    7    3 |  67.6 C#2  25% 86% |   91  0.10 | 1.324  3.58 0.84 |  4.2  4.2  6.6  7.6
 85.000   11   81    4    2    3 |  66.8 C2   27% 83% |   79  0.04 | 1.300  3.51 0.84 |  4.0  3.8  6.6  7.6
 90.000   10   81    3    2    3 |  66.0 C2   30% 82% |   79  0.04 | 0.372  1.00 0.81 |  3.8  3.8  7.0  7.8
 95.000    8   78    8    3    3 |  67.3 C2   30% 83% |   93  0.11 | 1.300  3.51 0.82 |  4.0  3.8  6.8  7.8
100.000    9   75    8    4    3 |  67.1 C2   25% 83% |   96  0.12 | 1.300  3.51 0.82 |  4.4  3.8  5.8  7.6
105.000    9   71   12    6    3 |  66.9 C2   25% 86% |  114  0.19 | 0.395  1.07 0.84 |  4.0  4.0  6.8  7.6
110.000    8   67   14    7    3 |  67.2 C2   26% 83% |  126  0.23 | 1.300  3.51 0.79 |  3.8  3.8  5.6  7.6
115.000    8   66   14    9    3 |  68.1 C#2  23% 79% |  130  0.25 | 0.395  1.07 0.85 |  4.4  4.2  5.2  7.6
120.000    9   74   11    4    3 |  66.3 C2   30% 83% |   93  0.13 | 0.372  1.00 0.79 |  3.6  3.6  6.0  8.0
125.000   10   74   11    3    3 |  67.0 C2   25% 81% |   93  0.14 | 0.372  1.00 0.82 |  4.4  4.4  6.0  7.6
130.000    9   70   10    7    3 |  67.1 C2   24% 87% |   98  0.16 | 0.395  1.07 0.85 |  4.0  4.0  5.8  7.6
135.000    8   66   12   10    4 |  67.3 C2   24% 83% |  123  0.24 | 0.395  1.07 0.82 |  3.8  3.4  6.0  7.6
140.000    9   67   11   10    3 |  67.2 C2   24% 82% |  112  0.20 | 1.300  3.51 0.82 |  4.2  4.2  5.6  7.6
145.000    7   66   11   12    4 |  67.4 C#2  25% 88% |  111  0.20 | 0.395  1.07 0.85 |  4.0  3.8  5.6  7.6
150.000    9   63   11   13    4 |  66.1 C2   27% 87% |  107  0.20 | 0.395  1.07 0.86 |  3.8  3.8  5.4  7.8
155.000    7   65   10   14    4 |  67.6 C#2  25% 85% |  110  0.19 | 0.372  1.00 0.83 |  3.6  3.6  4.8  7.8
160.000    9   61   11   16    4 |  67.1 C2   22% 88% |  123  0.24 | 0.116  0.31 0.85 |  4.2  3.8  5.4  7.6
165.000    9   68    8   11    4 |  66.1 C2   30% 87% |   96  0.10 | 1.300  3.51 0.86 |  3.8  3.8  6.0  7.6
170.000   11   81    3    2    3 |  67.0 C2   25% 86% |   78  0.04 | 0.116  0.31 0.84 |  4.4  4.0  7.0  7.6
175.000   11   81    4    2    3 |  66.7 C2   30% 81% |   79  0.05 | 0.395  1.07 0.82 |  4.2  4.2  6.8  7.6
