# CyborgNinja  grain bar (119 slices, bar-synchronous on the 160.00 bpm grid)  STFT 8192
   t(s)   dur  sub bass  lm  mid high | f0Hz note held vcd | cen   h/f | low click mid high
  0.135 1.500   12   71   11    3    3 |  65.3 C2   41% 86% |   95  0.14 |  2.7  2.7  5.3  8.0
  1.635 1.500   12   71   11    3    3 |  68.3 C#2  18% 81% |   91  0.12 |  4.7  4.7  5.3  8.0
  3.135 1.500   13   69   11    3    3 |  65.2 C2   45% 86% |   97  0.17 |  2.7  2.7  7.3  8.0
  4.635 1.500   10   74   11    3    2 |  71.9 D2   27% 84% |   96  0.16 |  5.3  5.3  6.0  6.7
  6.135 1.500   11   73    9    3    3 |  65.6 C2   41% 85% |   93  0.12 |  4.0  3.3  5.3  8.0
  7.635 1.500   12   70   12    3    3 |  68.7 C#2  24% 76% |   96  0.14 |  4.7  4.7  6.0  8.0
  9.135 1.500   15   65   13    4    4 |  65.2 C2   19% 87% |   98  0.21 |  4.0  4.0  6.7  8.0
 10.635 1.500    8   77   10    3    2 |  70.2 C#2  24% 88% |   96  0.17 |  4.7  4.0  5.3  6.7
 12.135 1.500   12   61   12   11    4 |  65.4 C2   41% 82% |  128  0.27 |  2.7  2.7  5.3  8.0
 13.635 1.500   11   64   12   11    3 |  68.3 C#2  26% 78% |  119  0.20 |  5.3  5.3  5.3  8.0
 15.135 1.500   12   60   13   11    4 |  65.5 C2   40% 77% |  127  0.30 |  3.3  2.7  4.7  8.0
 16.635 1.500    9   67   11   10    3 |  72.1 D2   32% 85% |  125  0.25 |  5.3  4.7  4.0  6.7
 18.135 1.500   12   62   11   11    4 |  65.4 C2   46% 80% |  121  0.26 |  2.7  2.7  5.3  8.0
 19.635 1.500   11   61   12   12    4 |  69.6 C#2  16% 71% |  117  0.21 |  5.3  5.3  6.0  8.0
 21.135 1.500   14   57   13   11    5 |  65.5 C2   25% 79% |  125  0.27 |  4.0  4.0  6.0  8.0
 22.635 1.500    7   72   12    6    2 |  70.7 C#2  19% 90% |  110  0.21 |  4.7  4.7  4.7  6.7
 24.135 1.500   11   63   11   11    4 |  65.7 C2   39% 84% |  120  0.25 |  2.7  2.7  5.3  8.0
 25.635 1.500   12   61   12   12    4 |  68.5 C#2  20% 76% |  126  0.22 |  4.7  4.7  5.3  8.0
 27.135 1.500   12   62   12   10    4 |  65.2 C2   38% 83% |  126  0.27 |  2.7  2.7  6.0  8.0
 28.635 1.500    9   66   11   11    3 |  71.7 D2   23% 85% |  127  0.26 |  4.7  4.7  4.7  6.7
 30.135 1.500   10   62   12   12    4 |  65.5 C2   36% 89% |  132  0.27 |  2.7  2.7  4.7  8.0
 31.635 1.500   12   62   12   11    3 |  68.1 C#2  16% 79% |  116  0.20 |  4.7  4.7  5.3  8.0
 33.135 1.500   12   58   15   11    5 |  65.2 C2   35% 79% |  132  0.28 |  4.0  4.0  6.7  8.0
 34.635 1.500    8   70   13    6    3 |  70.1 C#2  28% 87% |  115  0.22 |  4.7  4.7  6.0  6.7
 36.135 1.500    3   76    9    8    4 |  66.3 C2   63% 87% |  104  0.19 |  3.3  3.3  8.7  8.0
 37.635 1.500    3   75   11    8    4 |  69.9 C#2  16% 88% |  106  0.16 |  5.3  4.7  7.3  8.0
 39.135 1.500    3   75   11    6    4 |  66.4 C2   62% 86% |  119  0.23 |  3.3  3.3  8.0  8.0
 40.635 1.500    3   76   14    4    2 |  73.0 D2   33% 89% |  107  0.22 |  5.3  5.3  7.3  6.7
 42.135 1.500    3   75   10    8    4 |  66.2 C2   63% 87% |  105  0.20 |  3.3  3.3  8.7  8.0
 43.635 1.500    3   74   12    8    4 |  69.6 C#2  17% 84% |  108  0.17 |  4.7  4.7  7.3  8.0
 45.135 1.500    3   66   16   11    5 |  66.3 C2   63% 60% |  241  1.02 |  4.0  3.3  9.3  8.0
 46.635 1.500    4   78   10    5    3 |  71.7 D2   21% 90% |   94  0.14 |  4.7  4.7  7.3  6.7
 48.135 1.500   10   66    9   11    4 |  65.8 C2   39% 85% |  110  0.22 |  2.7  2.7  6.0  8.0
 49.635 1.500   11   65    9   12    3 |  67.5 C#2  29% 89% |   93  0.14 |  4.7  4.7  6.0  8.0
 51.135 1.500   11   64    9   12    4 |  65.6 C2   36% 88% |  118  0.25 |  2.7  2.7  6.0  8.0
 52.635 1.500   10   67   11   10    3 |  70.8 C#2  33% 90% |  134  0.27 |  5.3  5.3  5.3  6.7
 54.135 1.500   11   61    9   14    4 |  65.6 C2   43% 86% |  111  0.21 |  3.3  2.7  5.3  8.0
 55.635 1.500   11   63   10   13    4 |  67.3 C#2  27% 85% |   97  0.16 |  4.7  4.7  6.0  8.0
 57.135 1.500   14   55   11   15    5 |  62.1 B1   23% 88% |  121  0.33 |  4.0  4.0  6.0  8.0
 58.635 1.500    7   72    8   10    3 |  70.6 C#2  28% 91% |  116  0.22 |  4.0  4.0  4.7  6.7
 60.135 1.500   13   63    8   11    4 |  65.3 C2   45% 81% |  110  0.20 |  2.7  2.7  5.3  8.0
 61.635 1.500   11   63   10   13    4 |  68.7 C#2  26% 82% |   96  0.16 |  4.7  4.7  6.0  8.0
 63.135 1.500   12   61    9   13    4 |  65.3 C2   44% 83% |  119  0.24 |  2.7  2.7  6.0  8.0
 64.635 1.500   11   64   11   11    3 |  70.4 C#2  24% 87% |  135  0.27 |  5.3  5.3  4.7  6.7
 66.135 1.500   12   60   11   12    4 |  65.4 C2   45% 88% |  111  0.26 |  2.7  2.7  4.0  8.0
 67.635 1.500   10   64   10   13    3 |  68.4 C#2  20% 75% |  104  0.17 |  4.7  4.7  5.3  8.0
 69.135 1.500   15   56   11   14    5 |  63.5 B1   24% 89% |  115  0.35 |  4.0  4.0  6.7  8.0
 70.635 1.500    7   71   10   10    3 |  69.8 C#2  31% 87% |  120  0.25 |  4.7  4.7  5.3  6.7
 72.135 1.500   12   67    9    9    4 |  65.3 C2   44% 86% |  102  0.17 |  2.7  2.7  6.7  8.0
 73.635 1.500   12   67   11    8    3 |  67.4 C#2  25% 83% |   98  0.17 |  4.7  4.7  5.3  8.0
 75.135 1.500   14   64   13    6    4 |  65.4 C2   46% 89% |  100  0.17 |  2.7  2.7  6.7  8.0
 76.635 1.500   12   67   13    5    2 |  70.5 C#2  29% 90% |  109  0.24 |  5.3  5.3  5.3  6.7
 78.135 1.500   10   68    9    9    4 |  65.6 C2   39% 89% |  111  0.20 |  2.7  2.7  5.3  8.0
 79.635 1.500   12   65   11    8    3 |  67.6 C#2  21% 83% |  100  0.16 |  4.7  4.7  6.0  8.0
 81.135 1.500   12   58   16   10    4 |  65.4 C2   19% 82% |  130  0.42 |  4.0  4.0  6.0  8.0
 82.635 1.500   10   71   10    6    3 |  69.9 C#2  26% 91% |   99  0.13 |  4.7  4.7  6.7  6.7
 84.135 1.500   13   79    4    2    3 |  65.7 C2   35% 87% |   80  0.06 |  2.7  2.7  8.0  8.0
 85.635 1.500   16   75    4    2    3 |  66.9 C2   33% 76% |   81  0.06 |  4.7  4.7  6.0  8.0
 87.135 1.500   13   79    3    2    3 |  65.3 C2   39% 89% |   79  0.04 |  2.7  2.7  8.0  8.0
 88.635 1.500   11   82    4    1    2 |  72.1 D2   26% 83% |   80  0.04 |  5.3  4.7  5.3  6.7
 90.135 1.500   11   80    3    2    3 |  65.5 C2   37% 87% |   77  0.05 |  2.7  2.7  7.3  8.0
 91.635 1.500   14   79    4    2    2 |  68.2 C#2  19% 83% |   80  0.05 |  4.7  4.7  6.0  8.0
 93.135 1.500   17   72    5    3    4 |  65.2 C2   24% 77% |   89  0.13 |  4.0  4.0  8.0  8.0
 94.635 1.500   10   82    4    2    2 |  69.2 C#2  32% 82% |   83  0.05 |  4.7  4.7  6.7  6.7
 96.135 1.500   11   72    9    4    3 |  65.6 C2   41% 85% |  107  0.19 |  2.7  2.7  7.3  8.0
 97.635 1.500   12   73    8    4    3 |  68.7 C#2  23% 80% |   99  0.12 |  4.7  4.7  6.0  8.0
 99.135 1.500   13   68   10    5    4 |  65.4 C2   38% 83% |  112  0.22 |  4.0  2.7  6.0  8.0
100.635 1.500   12   75    8    3    2 |  71.3 C#2  26% 85% |   95  0.11 |  5.3  4.7  5.3  6.7
102.135 1.500   13   70    9    5    4 |  65.3 C2   48% 87% |  102  0.15 |  3.3  2.7  6.7  8.0
103.635 1.500   12   73    9    4    3 |  68.9 C#2  15% 78% |   99  0.14 |  4.7  4.7  6.0  8.0
105.135 1.500   16   64   11    6    4 |  65.2 C2   21% 85% |  135  0.39 |  4.0  4.0  7.3  8.0
106.635 1.500    8   80    8    3    2 |  71.1 C#2  22% 88% |   98  0.11 |  5.3  5.3  6.0  6.7
108.135 1.500   11   60   16    9    4 |  65.7 C2   39% 85% |  154  0.40 |  2.7  2.7  7.3  8.0
109.635 1.500   12   63   15    8    3 |  68.9 C#2  19% 77% |  130  0.26 |  4.7  4.7  5.3  8.0
111.135 1.500   11   59   15   10    4 |  65.4 C2   43% 83% |  146  0.38 |  2.7  2.7  5.3  8.0
112.635 1.500   10   69   12    7    2 |  71.6 D2   26% 87% |  114  0.17 |  4.7  4.7  5.3  6.7
114.135 1.500    9   63   15    9    4 |  65.8 C2   39% 84% |  148  0.33 |  2.7  2.7  5.3  8.0
115.635 1.500   12   60   16    9    3 |  68.5 C#2  21% 77% |  141  0.33 |  4.7  4.7  4.7  8.0
117.135 1.500   12   56   17   10    5 |  65.2 C2   24% 77% |  175  0.65 |  4.7  4.0  6.0  8.0
118.635 1.500    8   72   12    6    2 |  71.2 C#2  25% 85% |  121  0.20 |  4.7  4.7  6.0  6.7
120.135 1.500   11   73   10    3    3 |  65.8 C2   35% 84% |   94  0.13 |  2.7  2.7  6.0  8.0
121.635 1.500   12   71   11    3    3 |  68.7 C#2  21% 80% |   91  0.12 |  4.7  4.7  5.3  8.0
123.135 1.500   13   70   10    3    3 |  65.2 C2   44% 86% |   96  0.15 |  3.3  3.3  6.7  8.0
124.635 1.500   12   71   12    3    2 |  71.3 C#2  29% 81% |   98  0.18 |  5.3  5.3  6.0  6.7
126.135 1.500   14   68   12    3    4 |  65.2 C2   45% 87% |   98  0.15 |  2.7  2.7  6.0  8.0
127.635 1.500   13   71   10    3    3 |  67.6 C#2  23% 82% |   94  0.15 |  4.7  4.7  5.3  8.0
129.135 1.500   14   69   10    3    4 |  64.8 C2   24% 81% |   97  0.21 |  4.0  4.0  6.7  8.0
130.635 1.500   10   75   10    3    2 |  70.1 C#2  30% 88% |   93  0.14 |  5.3  5.3  6.0  6.7
132.135 1.500   11   65   11    9    4 |  65.3 C2   43% 83% |  124  0.30 |  2.7  2.7  5.3  8.0
133.635 1.500   12   61   11   11    3 |  67.6 C#2  28% 85% |  124  0.21 |  4.7  4.7  6.0  8.0
135.135 1.500   11   63   12   11    4 |  66.0 C2   34% 83% |  124  0.26 |  2.7  2.7  6.0  8.0
136.635 1.500   10   65   11   11    3 |  71.5 D2   27% 84% |  133  0.28 |  5.3  4.7  5.3  6.7
138.135 1.500   10   65   12   10    4 |  65.8 C2   38% 85% |  123  0.28 |  3.3  2.7  6.7  8.0
139.635 1.500   12   65   10   10    3 |  68.1 C#2  21% 81% |  107  0.20 |  4.7  4.7  6.0  8.0
141.135 1.500   14   55   13   13    5 |  64.9 C2   25% 74% |  127  0.32 |  4.0  4.0  6.0  8.0
142.635 1.500    8   70   13    6    3 |  69.9 C#2  30% 84% |  118  0.23 |  4.7  4.7  4.7  6.7
144.135 1.500   12   61   10   12    5 |  65.7 C2   39% 90% |  113  0.23 |  2.7  2.7  6.0  8.0
145.635 1.500   10   64   10   12    3 |  68.1 C#2  29% 87% |   96  0.16 |  4.7  4.7  6.0  8.0
147.135 1.500   11   61   10   13    4 |  65.5 C2   44% 89% |  113  0.26 |  2.7  2.7  6.0  8.0
148.635 1.500   11   64   11   11    3 |  70.6 C#2  28% 86% |  134  0.29 |  5.3  4.7  4.7  6.7
150.135 1.500   12   60   11   13    5 |  65.5 C2   41% 90% |  115  0.25 |  2.7  2.7  4.7  8.0
151.635 1.500   10   65   10   12    3 |  69.0 C#2  23% 82% |  102  0.17 |  4.7  4.7  5.3  8.0
153.135 1.500   15   56   10   14    5 |  62.7 B1   25% 88% |  123  0.37 |  4.0  4.0  6.0  8.0
154.635 1.500    7   69   10   11    3 |  70.8 C#2  37% 91% |  119  0.25 |  4.0  4.0  5.3  6.7
156.135 1.500   12   57    9   17    5 |  65.6 C2   39% 90% |  125  0.27 |  2.7  2.7  5.3  8.0
157.635 1.500   10   60   11   15    4 |  68.4 C#2  23% 78% |  107  0.19 |  4.7  4.7  4.7  8.0
159.135 1.500   12   58   11   15    4 |  65.2 C2   42% 85% |  134  0.31 |  2.7  2.7  5.3  8.0
160.635 1.500   11   60   12   13    3 |  71.1 C#2  24% 87% |  149  0.35 |  5.3  4.7  4.0  6.7
162.135 1.500   11   58    8   18    5 |  65.4 C2   49% 91% |  128  0.27 |  3.3  2.7  6.0  8.0
163.635 1.500   10   58   11   16    4 |  68.1 C#2  22% 85% |  113  0.25 |  4.7  4.7  5.3  8.0
165.135 1.500   13   53   12   18    5 |  64.8 C2   27% 89% |  141  0.47 |  4.0  4.0  5.3  8.0
166.635 1.500    8   67    9   13    3 |  69.5 C#2  27% 89% |  130  0.30 |  4.7  4.7  5.3  6.7
168.135 1.500   15   76    4    2    3 |  65.4 C2   44% 87% |   80  0.06 |  2.7  2.7  7.3  8.0
169.635 1.500   16   76    4    2    3 |  67.3 C2   26% 86% |   79  0.05 |  4.7  4.7  6.0  8.0
171.135 1.500   13   78    4    2    3 |  65.7 C2   40% 85% |   79  0.05 |  2.7  2.7  8.0  8.0
172.635 1.500   13   81    3    1    2 |  71.2 C#2  29% 82% |   79  0.04 |  6.0  5.3  6.0  6.7
174.135 1.500   15   76    4    2    3 |  65.7 C2   38% 87% |   78  0.06 |  3.3  2.7  7.3  8.0
175.635 1.500   15   77    4    2    2 |  67.9 C#2  28% 79% |   81  0.06 |  4.7  4.7  6.0  8.0
177.135 1.500   16   73    4    2    4 |  64.8 C2   34% 81% |   86  0.09 |  4.0  4.0  8.0  8.0
