# Malicious  grain beat (519 slices, bar-synchronous on the 139.67 bpm grid)  STFT 4096
   t(s)   dur  sub bass  lm  mid high | f0Hz note held vcd | cen   h/f | low click mid high
  0.046 0.430    0    0   36   55    9 |   0.0 -     0%  0% |  448 99.00 |  0.0  0.0  2.3  2.3
  0.476 0.430    0    0   36   60    5 |   0.0 -     0%  0% |  450 99.00 |  0.0  0.0  0.0  0.0
  0.906 0.430    0    0   25   68    7 |   0.0 -     0%  0% |  497 99.00 |  2.3  2.3  2.3  0.0
  1.335 0.430    0    0   14   81    6 |   0.0 -     0%  0% |  428 99.00 |  0.0  0.0  0.0  0.0
  1.765 0.430    0    0   29   59   12 |   0.0 -     0%  0% |  357 99.00 |  2.3  0.0  0.0  0.0
  2.194 0.430    0    0   30   52   18 |   0.0 -     0%  0% |  373 99.00 |  2.3  0.0  2.3  0.0
  2.624 0.430    0    0   10   85    5 |   0.0 -     0%  0% |  490 99.00 |  2.3  0.0  0.0  0.0
  3.053 0.430    0    0   12   80    8 |   0.0 -     0%  0% |  495 99.00 |  0.0  0.0  0.0  0.0
  3.483 0.430    0    0   28   61   12 |   0.0 -     0%  0% |  459 99.00 |  2.3  0.0  0.0  0.0
  3.913 0.430    0    0   20   70   10 |   0.0 -     0%  0% |  458 99.00 |  0.0  0.0  0.0  0.0
  4.342 0.430    0    0   14   78    7 |   0.0 -     0%  0% |  502 99.00 |  2.3  0.0  0.0  0.0
  4.772 0.430    0    4   14   74    8 |  82.3 E2   100%  7% |  487 99.00 |  2.3  0.0  0.0  0.0
  5.201 0.430    1   55   18   22    4 |  72.8 D2   80% 12% |  188  0.52 |  4.7  0.0  0.0  0.0
  5.631 0.430    6   33   28   30    3 |  91.2 F#2   0%  5% |  277  1.78 |  4.7  2.3  2.3  2.3
  6.060 0.418   13   33   22   30    2 |  73.5 D2   84% 45% |  238  1.09 |  0.0  0.0  0.0  0.0
  6.478 0.430   29   37   19   13    1 |  43.2 F1   19% 49% |  155  0.48 |  4.7  2.3  2.3  4.7
  6.908 0.430    9   53   20   17    2 |  72.5 D2   83% 14% |  151  0.32 |  7.0  2.3  2.3  2.3
  7.338 0.430    1   42   27   27    4 |  74.3 D2   83% 28% |  247  0.99 |  0.0  0.0  0.0  0.0
  7.767 0.430    0   25   16   52    7 |  75.4 D2   93% 65% |  262  0.96 |  2.3  0.0  0.0  0.0
  8.197 0.430    0    3   11   81    5 |   0.0 -     0%  0% |  424  9.67 |  2.3  0.0  0.0  0.0
  8.626 0.430    0    3   23   62   11 |   0.0 -     0%  0% |  357 10.75 |  9.3  0.0  0.0  0.0
  9.056 0.430    0    2   14   63   21 |   0.0 -     0%  0% |  338  7.33 |  2.3  0.0  0.0  0.0
  9.485 0.430    0    1   15   80    5 |   0.0 -     0%  0% |  491 72.86 |  4.7  0.0  0.0  0.0
  9.915 0.430    0    0    7   86    6 |   0.0 -     0%  0% |  509 68.67 |  4.7  0.0  2.3  0.0
 10.344 0.430    0    0   12   77   11 |   0.0 -     0%  0% |  472 99.00 |  0.0  0.0  0.0  0.0
 10.774 0.418    0    0   14   76   10 |   0.0 -     0%  0% |  480 99.00 |  0.0  0.0  0.0  0.0
 11.192 0.430    0    0   14   76    9 |   0.0 -     0%  0% |  498 99.00 |  0.0  0.0  0.0  0.0
 11.622 0.430    0    3   15   73    9 |  82.5 E2   100%  5% |  495 99.00 |  2.3  2.3  2.3  0.0
 12.051 0.430    1   57   15   24    3 |  72.3 D2   75%  9% |  170  0.38 |  4.7  0.0  0.0  0.0
 12.481 0.430    6   34   30   27    3 |  90.8 F#2   0%  5% |  255  1.32 |  4.7  2.3  0.0  2.3
 12.910 0.430    8   22   30   36    5 |  72.9 D2   78% 52% |  282  1.74 |  2.3  0.0  0.0  0.0
 13.340 0.430    1    4   32   60    4 |  73.8 D2   50% 23% |  387 61.33 |  0.0  0.0  0.0  2.3
 13.769 0.430    1   34   30   33    3 |  73.0 D2   83% 28% |  252  1.32 |  2.3  2.3  0.0  2.3
 14.199 0.430    0   18    7   71    4 |  74.3 D2   83% 28% |  357  2.65 |  2.3  0.0  0.0  0.0
 14.629 0.430    0   13   19   60    9 |  75.3 D2   96% 60% |  349  4.32 |  7.0  0.0  0.0  0.0
 15.058 0.430    0    2    6   80   12 |   0.0 -     0%  0% |  436 20.73 |  7.0  0.0  2.3  2.3
 15.488 0.430    0    0    4   91    5 |   0.0 -     0%  0% |  443 99.00 |  2.3  0.0  0.0  0.0
 15.917 0.430    0    0    1   94    4 |   0.0 -     0%  0% |  462 99.00 |  4.7  0.0  0.0  0.0
 16.347 0.430    0    0   15   65   20 |   0.0 -     0%  0% |  438 99.00 |  2.3  0.0  2.3  0.0
 16.776 0.430    0    0    9   76   15 |   0.0 -     0%  0% |  446 99.00 |  2.3  0.0  0.0  0.0
 17.206 0.430    0    0   18   65   16 |   0.0 -     0%  0% |  476 99.00 |  0.0  0.0  2.3  0.0
 17.636 0.418    0    0    8   72   19 |   0.0 -     0%  0% |  428 99.00 |  2.4  0.0  0.0  0.0
 18.054 0.430    0    0   21   61   17 |   0.0 -     0%  0% |  443 99.00 |  2.3  0.0  0.0  0.0
 18.483 0.430    1   21   12   52   14 |  82.7 E2   100%  5% |  458 99.00 |  4.7  0.0  0.0  2.3
 18.913 0.430    1   50   18   24    7 |  72.1 D2   86% 16% |  209  0.61 |  4.7  0.0  0.0  0.0
 19.342 0.430    7   34   22   33    5 | 105.7 G#2  100%  9% |  247  1.39 |  4.7  2.3  2.3  2.3
 19.772 0.430   10   26   26   34    4 |  72.6 D2   65% 60% |  248  1.36 |  0.0  0.0  0.0  0.0
 20.201 0.430    1    6   18   70    4 |  72.0 D2   86% 16% |  378 10.97 |  2.3  0.0  2.3  0.0
 20.631 0.418    1   47   24   24    4 |  72.3 D2   83% 14% |  207  0.69 |  7.2  0.0  0.0  0.0
 21.049 0.430    0   19   14   62    5 |  74.4 D2   91% 26% |  367  3.72 |  4.7  0.0  0.0  0.0
 21.478 0.430    0   13   12   67    8 |  75.4 D2   92% 60% |  406  5.05 |  7.0  0.0  0.0  0.0
 21.908 0.430    0    2   10   78   10 |   0.0 -     0%  0% |  456 26.79 |  7.0  0.0  0.0  0.0
 22.338 0.430    0    0    4   90    5 |   0.0 -     0%  0% |  423 20.50 |  4.7  0.0  0.0  0.0
 22.767 0.430    0    0    1   95    3 |   0.0 -     0%  0% |  440 36.38 |  4.7  0.0  0.0  0.0
 23.197 0.430    0    0   10   75   15 |   0.0 -     0%  0% |  479 99.00 |  4.7  0.0  2.3  0.0
 23.626 0.430    0    0    5   80   14 |   0.0 -     0%  0% |  479 91.06 |  2.3  0.0  0.0  0.0
 24.056 0.430    0    0   19   71   10 |   0.0 -     0%  0% |  435 99.00 |  7.0  2.3  2.3  0.0
 24.485 0.430    0    0    3   84   13 |   0.0 -     0%  0% |  502 99.00 |  0.0  0.0  0.0  0.0
 24.915 0.430    0    0   14   73   13 |   0.0 -     0%  0% |  413 99.00 |  2.3  0.0  0.0  0.0
 25.345 0.430    0   12    9   67   11 |  82.5 E2   100%  5% |  444 99.00 |  9.3  0.0  2.3  0.0
 25.774 0.430    1   41   16   37    6 |  73.1 D2   80% 12% |  235  0.88 |  4.7  0.0  0.0  2.3
 26.204 0.430    5   25   26   40    4 |   0.0 -     0%  0% |  250  1.93 |  4.7  2.3  0.0  2.3
 26.633 0.430    8   21   24   42    4 |  72.5 D2   48% 63% |  261  1.67 |  2.3  0.0  0.0  0.0
 27.063 0.418   35   24   10   28    3 |  56.7 A#1  62% 31% |  176  0.54 |  2.4  0.0  0.0  0.0
 27.481 0.430    3   43   23   26    4 |  73.2 D2   100%  9% |  191  0.59 |  4.7  2.3  2.3  0.0
 27.910 0.430    1   29   22   41    7 |  74.4 D2   83% 28% |  239  1.12 |  2.3  0.0  0.0  2.3
 28.340 0.430    0   14   17   59   10 |  75.3 D2   93% 63% |  299  1.90 |  4.7  2.3  0.0  2.3
 28.770 0.430    9   25   26   35    5 |  52.4 G#1  100%  7% |  184  0.76 |  4.7  0.0  0.0  0.0
 29.199 0.430    1   41   13   35   10 |  72.8 D2   80% 12% |  162  0.38 |  4.7  0.0  0.0  0.0
 29.629 0.430    0   12   15   59   14 |  74.3 D2   77% 30% |  273  1.71 |  2.3  0.0  0.0  0.0
 30.058 0.430    0   10   29   43   18 |  75.1 D2   96% 53% |  311  3.08 |  4.7  0.0  0.0  0.0
 30.488 0.430    7   22   25   37    9 |  52.3 G#1  100%  7% |  181  0.73 |  0.0  0.0  2.3  0.0
 30.917 0.430    1   35   27   29    8 |  72.7 D2   80% 12% |  230  1.35 |  2.3  0.0  2.3  2.3
 31.347 0.430    0   12   20   55   13 |  74.3 D2   85% 30% |  350  3.41 |  7.0  0.0  2.3  0.0
 31.777 0.430    0    7   19   60   14 |  75.3 D2   100% 56% |  423  6.21 |  9.3  0.0  0.0  0.0
 32.206 0.430    4   14   24   49    9 |   0.0 -     0%  2% |  365  4.88 |  4.7  2.3  0.0  2.3
 32.636 0.430    1   35   19   33   11 |  72.3 D2   100% 11% |  204  0.70 |  2.3  0.0  0.0  0.0
 33.065 0.418    0   15   23   45   16 |  74.0 D2   82% 27% |  263  1.60 |  2.4  0.0  0.0  0.0
 33.483 0.430    0    9   17   62   13 |  75.4 D2   100% 53% |  320  2.57 |  2.3  0.0  0.0  0.0
 33.913 0.430    5   16   25   45    8 |   0.0 -     0%  2% |  368  4.41 |  4.7  0.0  2.3  0.0
 34.342 0.430    1   41   19   32    7 |  72.8 D2   80% 12% |  233  0.85 |  4.7  0.0  2.3  0.0
 34.772 0.430    0   18   19   50   13 |  74.3 D2   91% 26% |  279  1.51 |  4.7  0.0  0.0  0.0
 35.201 0.430    0    8   25   54   12 |  75.4 D2   100% 60% |  305  3.33 |  2.3  0.0  2.3  0.0
 35.631 0.430    4   14   29   44    9 |   0.0 -     0%  2% |  286  3.60 |  2.3  0.0  2.3  2.3
 36.061 0.430    1   33   17   38   10 |  72.5 D2   100% 12% |  180  0.58 |  7.0  0.0  0.0  0.0
 36.490 0.430    0   12   14   57   17 |  74.1 D2   91% 26% |  285  1.73 |  4.7  0.0  0.0  0.0
 36.920 0.418    0    8   25   50   17 |  75.4 D2   92% 62% |  298  2.78 |  7.2  0.0  0.0  0.0
 37.338 0.430    6   22   31   30   11 |   0.0 -     0%  0% |  211  1.17 |  4.7  0.0  2.3  0.0
 37.767 0.430    1   34   22   34    9 |  72.2 D2   83% 14% |  242  1.07 |  2.3  0.0  0.0  0.0
 38.197 0.430    0   11   20   56   12 |  74.3 D2   92% 30% |  371  4.32 |  4.7  0.0  0.0  0.0
 38.626 0.430    0    7   14   65   14 |  75.3 D2   95% 51% |  437  6.38 |  7.0  0.0  0.0  0.0
 39.056 0.430    5   17   27   42    8 |   0.0 -     0%  2% |  332  3.59 |  7.0  2.3  0.0  2.3
 39.486 0.430    1   32   27   33    8 |  72.7 D2   86% 16% |  194  0.62 |  7.0  0.0  2.3  0.0
 39.915 0.430    0   17   22   47   14 |  74.1 D2   100% 23% |  254  1.60 |  4.7  0.0  0.0  0.0
 40.345 0.418    0    8   32   50   10 |  75.3 D2   100% 52% |  352  5.87 |  7.2  0.0  0.0  0.0
 40.763 0.430    8   27   26   35    5 |  79.8 D#2   0%  5% |  243  1.37 |  7.0  2.3  2.3  2.3
 41.192 0.430    1   27   15   50    7 |  72.3 D2   86% 16% |  300  1.30 |  2.3  0.0  0.0  2.3
 41.622 0.430    0   11    7   68   14 |  74.0 D2   100% 14% |  375  3.91 |  7.0  0.0  0.0  0.0
 42.051 0.430    5   22   33   31    9 |   0.0 -     0%  2% |  234  1.70 |  2.3  0.0  2.3  0.0
 42.481 0.430    0   21   10   57   11 | 100.4 G2   57% 49% |  321  2.81 |  4.7  0.0  0.0  0.0
 42.910 0.430    0   15    5   76    4 |  72.5 D2   67% 14% |  239  0.73 |  4.7  0.0  0.0  0.0
 43.340 0.430    0    4    5   86    6 |  74.0 D2   90% 23% |  354  4.79 |  4.7  0.0  0.0  0.0
 43.770 0.430    5   20   29   39    7 | 104.9 G#2  80% 12% |  252  1.73 |  2.3  0.0  0.0  0.0
 44.199 0.430    1   21   12   57   10 |  97.3 G2   38% 48% |  297  2.49 |  4.7  0.0  0.0  0.0
 44.629 0.430    0   19    7   66    7 |  72.8 D2   88% 19% |  261  1.19 |  2.3  0.0  0.0  0.0
 45.058 0.430    0    7    2   83    8 |  74.2 D2   100% 23% |  379  2.79 |  4.7  0.0  0.0  0.0
 45.488 0.430    5   21   30   38    5 |  85.3 F2    0%  5% |  239  1.32 |  2.3  0.0  0.0  0.0
 45.917 0.430    0   27   10   57    6 | 101.4 G#2  61% 53% |  282  2.73 |  7.0  0.0  0.0  0.0
 46.347 0.430    1   32   12   49    7 |  72.6 D2   75% 19% |  251  0.87 |  2.3  0.0  0.0  0.0
 46.777 0.430    0   13    8   69   10 |  74.0 D2   71% 33% |  361  3.57 |  9.3  0.0  0.0  0.0
 47.206 0.430    6   29   36   22    6 | 107.8 A2   100%  9% |  212  1.22 |  4.7  0.0  2.3  0.0
 47.636 0.430    1   35   17   37   10 |  97.8 G2   30% 47% |  266  1.76 |  4.7  0.0  0.0  0.0
 48.065 0.430    1   29   20   42    7 |  73.1 D2   100% 12% |  268  1.48 |  2.3  0.0  0.0  0.0
 48.495 0.418    0    9   15   68    9 |  74.3 D2   69% 31% |  390  7.68 |  7.2  2.4  2.4  0.0
 48.913 0.430    5   25   31   35    5 | 107.5 A2   100%  7% |  229  1.83 |  2.3  0.0  0.0  0.0
 49.342 0.430    1   27   18   47    7 |  99.0 G2   50% 42% |  332  2.48 |  2.3  0.0  0.0  0.0
 49.772 0.430    1   22   10   64    4 |  72.6 D2   75% 19% |  211  0.68 |  4.7  0.0  0.0  0.0
 50.202 0.430    0    5    4   87    4 |  73.8 D2   100% 23% |  297  2.82 |  9.3  0.0  0.0  0.0
 50.631 0.430    5   22   28   37    7 |  59.2 A#1  67%  7% |  221  1.39 |  2.3  0.0  0.0  0.0
 51.061 0.418    1   20   12   57   11 | 100.5 G2   65% 40% |  360  4.43 |  4.8  0.0  0.0  0.0
 51.479 0.418    0   19    7   67    6 |  72.8 D2   83% 14% |  265  1.03 |  4.8  0.0  0.0  0.0
 51.897 0.430    0    8    7   79    7 |  73.8 D2   100% 23% |  335  2.73 |  4.7  0.0  0.0  0.0
 52.326 0.441    5   22   31   38    5 | 104.6 G#2  67% 14% |  218  1.30 |  6.8  2.3  2.3  0.0
 52.767 0.418    1   33   13   48    6 |  97.0 G2   30% 55% |  249  1.10 |  2.4  0.0  0.0  0.0
 53.185 0.418    1   35   13   44    7 |  72.7 D2   80% 12% |  203  0.59 |  2.4  0.0  0.0  0.0
 53.603 0.418    0   11   15   65    9 |  73.6 D2   89% 21% |  345  4.22 |  9.6  2.4  2.4  0.0
 54.021 0.418    4   22   37   31    6 | 112.5 A2   100%  5% |  244  1.78 |  7.2  0.0  0.0  0.0
 54.439 0.418    2   25   22   44    7 |  70.0 C#2  11% 21% |  300  2.27 |  2.4  0.0  0.0  2.4
 54.857 0.430    0   52   34   11    2 |  98.6 G2   100% 100% |  190  0.96 |  2.3  2.3  2.3  2.3
 55.287 0.430    2   74   20    4    0 |  98.4 G2   95% 95% |  151  0.40 |  2.3  0.0  0.0  2.3
 55.716 0.430    8   67   18    6    1 |  48.9 G1   49% 95% |  136  0.33 |  0.0  0.0  2.3  0.0
 56.146 0.430    6   60   25    8    1 |  51.7 G#1   9% 81% |  161  0.47 |  2.3  0.0  0.0  2.3
 56.575 0.430    2   46   34   15    4 |  97.5 G2   96% 56% |  177  0.64 |  4.7  0.0  2.3  2.3
 57.005 0.430    1   56   23   17    3 | 100.1 G2   67% 91% |  183  0.70 |  4.7  2.3  2.3  4.7
 57.435 0.430    1   88    8    3    0 |  96.6 G2   69% 74% |  141  0.22 |  2.3  0.0  0.0  4.7
 57.864 0.441    1   85   10    3    0 |  95.7 G2   74% 95% |  127  0.18 |  6.8  2.3  0.0  2.3
 58.305 0.441    1   86   11    2    0 |  93.4 F#2  67% 95% |  115  0.15 |  0.0  0.0  0.0  4.5
 58.746 0.441    2   79   15    4    0 |  97.6 G2   87% 67% |  135  0.36 |  0.0  0.0  0.0  2.3
 59.188 0.441    1   54   30   14    2 | 100.1 G2   71% 32% |  207  0.78 |  0.0  0.0  2.3  0.0
 59.629 0.430    2   52   23   21    2 |  99.2 G2   69% 74% |  181  0.53 |  2.3  0.0  2.3  2.3
 60.058 0.430    1   80   14    5    1 |  98.3 G2   100% 56% |  127  0.17 |  2.3  0.0  0.0  0.0
 60.488 0.430    4   76   16    4    0 |  97.9 G2   96% 60% |  130  0.30 |  4.7  0.0  0.0  4.7
 60.918 0.418    3   86    9    2    0 |  94.4 F#2  54% 83% |  113  0.15 |  4.8  2.4  2.4  0.0
 61.336 0.418    7   71   18    3    0 |  78.4 D#2  10% 69% |  111  0.20 |  2.4  0.0  0.0  7.2
 61.753 0.430    6   64   23    6    1 |  94.4 F#2  28% 42% |  136  0.34 |  0.0  0.0  0.0  0.0
 62.183 0.418    3   56   30    9    2 |  98.2 G2   78% 76% |  150  0.86 |  4.8  0.0  4.8  2.4
 62.601 0.418    2   56   35    7    1 |  98.7 G2   74% 55% |  162  0.74 |  4.8  0.0  0.0  0.0
 63.019 0.418    2   72   19    6    1 |  97.3 G2   97% 71% |  169  0.59 |  2.4  0.0  2.4  2.4
 63.437 0.430    2   50   34   12    2 |  94.8 F#2  83% 84% |  163  0.97 |  0.0  0.0  2.3  2.3
 63.866 0.430    1   85   11    3    1 |  96.5 G2   87% 91% |  133  0.25 |  4.7  0.0  2.3  2.3
 64.296 0.430    3   53   36    7    1 |  50.6 G#1  22% 42% |  158  0.73 |  0.0  0.0  0.0  0.0
 64.726 0.430    6   49   37    7    1 |  49.1 G1   57% 53% |  170  0.72 |  2.3  0.0  0.0  2.3
 65.155 0.430    2   73   20    4    1 |  98.1 G2   92% 88% |  120  0.20 |  0.0  0.0  0.0  2.3
 65.585 0.430    1   74   17    7    1 |  97.3 G2   97% 70% |  166  0.47 |  2.3  0.0  0.0  2.3
 66.014 0.418    1   80   15    4    1 |  99.1 G2   97% 76% |  128  0.29 |  2.4  0.0  0.0  0.0
 66.432 0.430    3   85    8    4    0 |  97.7 G2   89% 88% |  127  0.16 |  2.3  0.0  0.0  2.3
 66.862 0.430    1   66   26    6    1 |  96.6 G2   74% 63% |  135  0.46 |  2.3  0.0  2.3  2.3
 67.291 0.430    1   81   13    4    1 |  97.0 G2   97% 67% |  126  0.19 |  0.0  0.0  4.7  2.3
 67.721 0.430    6   66   21    6    1 |  76.5 D#2   6% 79% |  134  0.40 |  4.7  0.0  0.0  0.0
 68.151 0.430    1   73   17    9    1 |  80.6 E2   21% 79% |  127  0.24 |  0.0  0.0  0.0  0.0
 68.580 0.430    4   52   30   13    1 |  67.3 C#2  69% 81% |  152  0.63 |  2.3  0.0  0.0  2.3
 69.010 0.430    8   71    9   10    2 |  65.9 C2   100% 100% |  117  0.20 |  2.3  2.3  2.3  2.3
 69.439 0.418   11   74   11    4    1 |  65.3 C2   86% 100% |  108  0.18 |  4.8  0.0  0.0  2.4
 69.857 0.430    6   64   22    7    1 |  65.8 C2   79% 88% |  131  0.36 |  4.7  2.3  2.3  4.7
 70.287 0.430    9   68   17    5    1 |  64.5 C2   79% 100% |  117  0.21 |  7.0  2.3  2.3  2.3
 70.716 0.430    5   61   14   17    2 |  63.5 B1   79% 56% |  156  0.47 |  4.7  2.3  2.3  4.7
 71.146 0.430   11   65   17    6    1 |  64.9 C2   74% 81% |  102  0.19 |  2.3  0.0  0.0  4.7
 71.576 0.430    3   80   10    6    1 |  65.4 C2   76% 58% |  130  0.24 |  0.0  0.0  2.3  4.7
 72.005 0.430    4   70   19    5    1 |  63.7 C2   62% 56% |  121  0.22 |  4.7  0.0  2.3  2.3
 72.435 0.430    5   52   22   19    3 |  62.8 B1   61% 65% |  161  0.54 |  2.3  0.0  4.7  4.7
 72.864 0.430    8   74   13    4    1 |  65.5 C2   86% 98% |   97  0.13 |  0.0  0.0  0.0  4.7
 73.294 0.430    8   68   13   11    1 |  65.6 C2   90% 93% |  116  0.24 |  2.3  0.0  2.3  4.7
 73.723 0.430    2   70   18    9    1 |  65.0 C2   82% 26% |  150  0.38 |  2.3  0.0  0.0  2.3
 74.153 0.430    8   67   18    6    1 |  64.8 C2   100% 86% |  121  0.30 |  4.7  2.3  0.0  4.7
 74.582 0.430    8   80    8    3    0 |  64.3 C2   67% 77% |  104  0.13 |  0.0  0.0  0.0  2.3
 75.012 0.430    2   63   22   13    1 |  96.9 G2   36% 51% |  174  0.58 |  0.0  0.0  0.0  2.3
 75.442 0.430    6   68   18    6    2 |  65.5 C2   68% 88% |  114  0.18 |  7.0  2.3  2.3  2.3
 75.871 0.418    8   73   11    8    1 |  65.0 C2   83% 100% |  122  0.21 |  4.8  0.0  0.0  2.4
 76.289 0.430    9   71   11    8    1 |  65.6 C2   100% 77% |  104  0.17 |  4.7  2.3  2.3  2.3
 76.719 0.430   11   69   11    8    1 |  65.5 C2   90% 95% |  118  0.24 |  2.3  0.0  2.3  4.7
 77.148 0.430    4   53   28   10    5 |  65.7 C2   84% 44% |  176  0.77 |  7.0  4.7  4.7  4.7
 77.578 0.430    4   53   29   11    3 |  63.9 C2   71% 65% |  164  0.75 |  0.0  0.0  2.3  2.3
 78.007 0.430    5   48   29   16    2 |  64.9 C2   96% 56% |  161  0.54 |  0.0  0.0  2.3  2.3
 78.437 0.430    4   62   27    7    1 |  64.8 C2   69% 84% |  143  0.52 |  0.0  0.0  4.7  4.7
 78.867 0.430    5   82    8    4    0 |  33.6 C1   56% 95% |  108  0.11 |  2.3  0.0  0.0  2.3
 79.296 0.430    9   77   10    3    1 |  62.8 B1   50% 98% |  111  0.16 |  2.3  0.0  2.3  2.3
 79.726 0.430   10   72   12    4    1 |  65.3 C2   97% 86% |   97  0.15 |  2.3  0.0  0.0  0.0
 80.155 0.418    7   56   21   14    2 |  65.1 C2   94% 86% |  132  0.41 |  4.8  2.4  2.4  4.8
 80.573 0.430    5   68   19    7    1 |  65.8 C2   78% 63% |  122  0.24 |  0.0  0.0  2.3  2.3
 81.003 0.430    4   49   26   20    2 |  63.9 C2   63% 44% |  192  0.75 |  0.0  0.0  0.0  2.3
 81.432 0.430    3   78   12    5    1 |  66.1 C2   68% 65% |  127  0.26 |  4.7  0.0  0.0  2.3
 81.862 0.430    6   76   13    4    1 |  33.6 C1   76% 58% |  121  0.20 |  0.0  0.0  0.0  0.0
 82.292 0.430    1   46   42    9    2 |  95.1 F#2  83% 53% |  151  0.62 |  4.7  0.0  2.3  2.3
 82.721 0.430    2   58   27   11    2 |  97.7 G2   71% 79% |  141  0.40 |  2.3  0.0  2.3  2.3
 83.151 0.430    0   59   33    6    1 |  96.5 G2   88% 59% |  148  0.51 |  2.3  0.0  2.3  2.3
 83.580 0.430    3   67   22    6    1 |  97.0 G2   71% 88% |  130  0.27 |  2.3  0.0  2.3  2.3
 84.010 0.430    2   64   22   10    1 |  97.8 G2   95% 91% |  134  0.28 |  2.3  2.3  2.3  2.3
 84.439 0.430    2   42   36   18    3 |  98.2 G2   85% 79% |  186  0.94 |  2.3  0.0  2.3  2.3
 84.869 0.430    1   46   38   12    2 |  96.7 G2   85% 77% |  161  0.92 |  4.7  2.3  2.3  2.3
 85.299 0.430    2   25   54   15    3 |  95.5 G2   42% 56% |  193  2.27 |  2.3  0.0  2.3  2.3
 85.728 0.430    1   22   59   15    2 | 100.8 G2   77% 30% |  214  2.29 |  7.0  2.3  2.3  0.0
 86.158 0.418    1   44   44   10    2 |  97.5 G2   94% 83% |  155  0.30 |  4.8  0.0  0.0  0.0
 86.576 0.430    1   43   39   13    3 |  95.2 F#2  94% 72% |  171  0.67 |  2.3  2.3  2.3  2.3
 87.005 0.430    2   67   19   11    2 |  97.1 G2   84% 72% |  164  0.41 |  2.3  0.0  0.0  0.0
 87.435 0.430    1   52   31   12    3 |  98.0 G2   93% 63% |  172  0.41 |  2.3  0.0  2.3  2.3
 87.864 0.430    2   46   27   18    6 |  99.4 G2   67% 77% |  187  0.68 |  0.0  0.0  2.3  2.3
 88.294 0.430    1   63   21   13    2 |  97.7 G2   76% 98% |  174  0.55 |  4.7  0.0  0.0  2.3
 88.723 0.430    1   43   43   12    2 |  91.4 F#2  37% 81% |  172  1.04 |  0.0  0.0  0.0  4.7
 89.153 0.430    0   81   11    7    1 |  95.4 G2   86% 98% |  119  0.14 |  2.3  0.0  0.0  2.3
 89.583 0.430    3   41   40   12    3 |  94.9 F#2  75% 56% |  176  0.87 |  4.7  0.0  0.0  2.3
 90.012 0.430    2   58   33    6    1 |  95.6 G2   89% 81% |  129  0.26 |  0.0  0.0  0.0  0.0
 90.442 0.430    2   67   18   10    2 |  98.2 G2   55% 98% |  147  0.39 |  4.7  0.0  0.0  2.3
 90.871 0.430    2   54   30   12    2 | 100.1 G2   72% 42% |  162  0.56 |  2.3  0.0  2.3  2.3
 91.301 0.418    1   38   41   16    4 |  97.2 G2   74% 81% |  190  1.07 |  2.4  0.0  4.8  2.4
 91.719 0.430    1   60   27    9    3 |  98.9 G2   100% 81% |  137  0.26 |  2.3  0.0  0.0  2.3
 92.148 0.430    3   34   48   11    3 |  96.3 G2   66% 81% |  151  0.61 |  4.7  0.0  2.3  4.7
 92.578 0.430    2   26   56   12    3 | 103.6 G#2  67% 35% |  191  1.44 |  4.7  2.3  2.3  2.3
 93.008 0.430    1   58   24   14    3 |  97.3 G2   96% 63% |  187  0.60 |  4.7  0.0  0.0  0.0
 93.437 0.430    3   52   27   16    2 |  96.1 G2   83% 84% |  187  0.67 |  2.3  0.0  2.3  0.0
 93.867 0.430    2   72   14   11    2 |  96.9 G2   97% 75% |  174  0.42 |  4.7  0.0  2.3  0.0
 94.296 0.430    1   58   27   12    2 |  97.1 G2   92% 88% |  171  0.63 |  0.0  0.0  0.0  4.7
 94.726 0.430    1   48   33   14    4 |  96.8 G2   63% 81% |  178  0.87 |  2.3  0.0  0.0  4.7
 95.155 0.418    1   49   27   20    3 |  98.9 G2   72% 86% |  209  0.93 |  4.8  2.4  4.8  4.8
 95.573 0.430    1   30   50   16    3 |  79.5 D#2  64% 51% |  196  2.62 |  4.7  0.0  2.3  4.7
 96.003 0.430    1   32   30   33    5 |  65.9 C2   90% 47% |  237  1.68 |  0.0  0.0  2.3  2.3
 96.432 0.441    2   43   27   22    6 |  68.6 C#2  100% 16% |  212  0.82 |  0.0  0.0  2.3  2.3
 96.874 0.418    6   55   23   13    4 |  65.1 C2   90% 74% |  156  0.49 |  0.0  0.0  2.4  0.0
 97.292 0.430    2   45   29   20    5 |  66.1 C2   79% 44% |  208  0.86 |  2.3  0.0  2.3  0.0
 97.721 0.430    2   42   34   19    4 |  67.0 C2   90% 49% |  181  0.90 |  7.0  2.3  2.3  2.3
 98.151 0.430    1   41   26   27    6 |  66.4 C2   47% 40% |  206  0.96 |  2.3  0.0  2.3  2.3
 98.580 0.430    2   37   41   17    3 |  66.6 C2   79% 33% |  195  1.25 |  0.0  0.0  0.0  0.0
 99.010 0.418    2   36   32   26    3 |  96.5 G2   58% 45% |  229  1.29 |  0.0  0.0  0.0  2.4
 99.428 0.430    2   39   31   23    4 |  64.7 C2   100% 44% |  211  1.04 |  2.3  0.0  2.3  2.3
 99.857 0.430    4   52   16   25    4 |  66.6 C2   68% 72% |  174  0.39 |  2.3  2.3  7.0  2.3
100.287 0.430    6   56   20   16    3 |  65.7 C2   100% 72% |  167  0.39 |  4.7  0.0  0.0  0.0
100.717 0.430    5   55   19   18    3 |  65.8 C2   90% 67% |  175  0.45 |  2.3  0.0  0.0  0.0
101.146 0.430    4   49   26   19    3 |  65.9 C2   94% 74% |  157  0.47 |  4.7  2.3  2.3  2.3
101.576 0.430    3   42   27   24    4 |  65.7 C2   74% 72% |  172  0.56 |  2.3  0.0  4.7  2.3
102.005 0.430    2   31   47   17    3 |  64.9 C2   56% 21% |  225  1.61 |  2.3  0.0  2.3  2.3
102.435 0.430    3   37   24   32    3 |  64.6 C2   89% 44% |  199  0.97 |  0.0  0.0  2.3  7.0
102.864 0.430    2   59   21   15    4 |   0.0 -     0%  0% |  169  0.41 |  2.3  0.0  2.3  2.3
103.294 0.430    2   49   26   18    5 |  70.8 C#2  58% 28% |  178  0.52 |  0.0  0.0  2.3  2.3
103.724 0.430    5   37   36   19    3 |  65.8 C2   61% 72% |  194  0.84 |  2.3  0.0  0.0  0.0
104.153 0.418    4   54   15   24    3 |  66.3 C2   93% 69% |  169  0.47 |  2.4  0.0  0.0  0.0
104.571 0.430    3   55   27   12    3 |  66.2 C2   73% 70% |  151  0.57 |  2.3  0.0  2.3  2.3
105.001 0.441    2   41   30   22    4 |  68.1 C#2  56% 60% |  199  0.72 |  2.3  2.3  2.3  2.3
105.442 0.430    5   41   29   22    3 |  65.1 C2   94% 72% |  205  0.85 |  0.0  0.0  2.3  0.0
105.871 0.418    1   47   24   25    3 |  65.9 C2   86% 17% |  212  0.72 |  0.0  0.0  0.0  2.4
106.289 0.430    2   39   38   18    3 |  66.4 C2   33% 28% |  199  1.24 |  2.3  0.0  0.0  2.3
106.719 0.430    3   44   29   19    4 |  33.6 C1   67% 14% |  191  0.85 |  2.3  2.3  2.3  2.3
107.148 0.430    6   59   22   11    2 |  65.3 C2   85% 77% |  137  0.26 |  0.0  0.0  0.0  2.3
107.578 0.430    4   48   23   21    3 |  66.8 C2   73% 60% |  210  0.80 |  2.3  0.0  0.0  0.0
108.008 0.418    3   52   27   15    4 |  67.2 C2   74% 55% |  135  0.36 |  4.8  2.4  2.4  2.4
108.426 0.430    5   45   21   26    4 |  65.4 C2   74% 44% |  226  0.83 |  4.7  0.0  2.3  2.3
108.855 0.430    2   36   43   17    2 |  65.5 C2   83% 42% |  231  1.46 |  4.7  2.3  2.3  2.3
109.285 0.430    2   36   38   21    3 |  64.7 C2   82% 40% |  226  1.19 |  0.0  0.0  0.0  4.7
109.714 0.430    0   59   27   11    2 |  98.7 G2   79% 100% |  141  0.23 |  2.3  0.0  0.0  2.3
110.144 0.441    1   76   15    8    1 |  97.9 G2   100% 100% |  160  0.51 |  0.0  0.0  0.0  2.3
110.585 0.430    3   70   15   11    1 |  96.2 G2   28% 100% |  163  0.42 |  0.0  0.0  2.3  0.0
111.015 0.418   10   54   16   18    2 |  48.8 G1   60% 100% |  145  0.38 |  4.8  0.0  0.0  2.4
111.433 0.430    2   33   30   29    5 |  96.6 G2   76% 58% |  207  0.96 |  2.3  0.0  2.3  2.3
111.862 0.430    1   42   27   24    6 |  99.5 G2   37% 100% |  188  0.88 |  7.0  4.7  2.3  4.7
112.292 0.441    2   60   19   18    2 |  97.0 G2   68% 93% |  168  0.45 |  0.0  0.0  2.3  4.5
112.733 0.430    1   76   11   11    1 |  97.1 G2   91% 77% |  143  0.26 |  4.7  2.3  2.3  4.7
113.162 0.441    3   54   24   17    2 |  94.3 F#2  66% 98% |  176  0.56 |  2.3  0.0  0.0  2.3
113.604 0.441    3   76    7   12    2 |  97.2 G2   85% 89% |  151  0.30 |  2.3  0.0  2.3  2.3
114.045 0.430    1   11   20   62    7 |  96.4 G2   100% 40% |  382  3.91 |  0.0  0.0  0.0  0.0
114.474 0.441    2   55   13   27    3 |  97.0 G2   94% 77% |  198  0.51 |  4.5  0.0  0.0  2.3
114.916 0.430    1   66   16   15    2 | 100.1 G2   75% 47% |  153  0.35 |  2.3  0.0  0.0  0.0
115.345 0.430    3   76   11    9    1 |  97.1 G2   93% 63% |  145  0.27 |  4.7  2.3  4.7  4.7
115.775 0.430    5   67   20    7    1 |  74.2 D2   55% 67% |  127  0.31 |  7.0  0.0  0.0  4.7
116.204 0.430    8   71   13    8    0 |  76.2 D#2  25% 84% |  118  0.23 |  0.0  0.0  0.0  7.0
116.634 0.418    2   85    7    5    1 |  91.1 F#2  51% 93% |  118  0.12 |  0.0  0.0  0.0  2.4
117.052 0.418    2   61   23   12    1 |  97.7 G2   75% 57% |  158  0.58 |  0.0  0.0  2.4  2.4
117.470 0.418    3   65   18   13    1 |  95.4 G2   61% 90% |  169  0.56 |  4.8  0.0  0.0  0.0
117.888 0.406    1   30   21   44    4 |  97.2 G2   58% 80% |  238  1.17 |  4.9  0.0  2.5  2.5
118.294 0.430    1   76   13    8    2 |  97.0 G2   88% 100% |  125  0.24 |  2.3  2.3  2.3  2.3
118.724 0.430    1   58   22   14    6 |  96.8 G2   97% 86% |  155  0.67 |  0.0  0.0  2.3  2.3
119.153 0.430    0   78   10   10    1 |  96.5 G2   62% 91% |  141  0.29 |  0.0  0.0  0.0  0.0
119.583 0.430    2   57   14   25    2 |  96.8 G2   72% 74% |  158  0.41 |  2.3  0.0  0.0  2.3
120.012 0.430    1   66   20   12    2 |  88.6 F2   21% 100% |  150  0.53 |  4.7  0.0  0.0  2.3
120.442 0.430    1   71   12   14    2 |  97.7 G2   94% 74% |  183  0.62 |  2.3  0.0  0.0  2.3
120.871 0.430    2   56   18   22    2 |  96.9 G2   95% 95% |  188  0.65 |  0.0  0.0  0.0  0.0
121.301 0.418    7   32   26   32    4 |  49.7 G1   89% 43% |  264  1.25 |  4.8  2.4  0.0  2.4
121.719 0.441    1   67   20   11    1 |  97.6 G2   79% 64% |  158  0.42 |  6.8  2.3  2.3  2.3
122.160 0.430    4   51   28   15    2 |  96.5 G2   85% 47% |  174  0.78 |  4.7  2.3  2.3  2.3
122.590 0.430    2   77   15    5    1 |  96.2 G2   67% 91% |  147  0.38 |  4.7  0.0  0.0  0.0
123.019 0.418    1   71   16   11    1 |  93.5 F#2  18% 52% |  140  0.23 |  0.0  0.0  0.0  0.0
123.437 0.430    6   56   24   13    2 |  66.1 C2   77% 72% |  168  0.43 |  2.3  0.0  0.0  2.3
123.867 0.430    6   55   15   21    3 |  64.6 C2   90% 93% |  167  0.53 |  2.3  0.0  2.3  2.3
124.296 0.430    9   65   11   14    2 |  65.3 C2   89% 86% |  126  0.18 |  0.0  0.0  0.0  0.0
124.726 0.430    6   56   18   17    4 |  65.6 C2   81% 100% |  138  0.31 |  2.3  0.0  2.3  4.7
125.156 0.430    5   44   13   35    3 |  63.1 B1   95% 91% |  150  0.30 |  4.7  2.3  2.3  2.3
125.585 0.418    2   18    7   70    3 |  64.2 C2   93% 68% |  208  0.70 |  0.0  0.0  0.0  2.4
126.003 0.430    7   63   10   16    4 |  65.3 C2   100% 65% |  155  0.37 |  4.7  2.3  0.0  2.3
126.433 0.430    6   63   12   15    3 |  64.6 C2   86% 80% |  135  0.34 |  0.0  0.0  2.3  4.7
126.862 0.430    2   73   11   12    3 |  33.0 C1   62% 56% |  139  0.22 |  4.7  0.0  0.0  2.3
127.292 0.430    5   43   17   28    6 |  64.2 C2   100% 53% |  211  0.72 |  0.0  0.0  2.3  4.7
127.721 0.430    7   63   11   14    4 |  65.5 C2   76% 86% |  116  0.22 |  2.3  0.0  0.0  2.3
128.151 0.430    9   68    9   12    3 |  65.7 C2   95% 100% |  109  0.16 |  2.3  0.0  2.3  4.7
128.580 0.430    8   72   11    7    2 |  65.6 C2   93% 100% |  117  0.20 |  2.3  0.0  0.0  2.3
129.010 0.430    9   61   14   14    2 |  64.7 C2   74% 81% |  145  0.40 |  2.3  0.0  0.0  2.3
129.440 0.430    6   80    8    6    1 |  64.4 C2   48% 72% |  113  0.14 |  2.3  0.0  0.0  2.3
129.869 0.430    1   68   16   13    1 |  96.7 G2   100% 12% |  171  0.48 |  0.0  0.0  0.0  2.3
130.299 0.430    1   67   20   10    2 | 103.9 G#2  83% 28% |  149  0.35 |  2.3  0.0  2.3  2.3
130.728 0.418    5   69   10   15    1 |  65.2 C2   75% 67% |  139  0.24 |  2.4  0.0  0.0  0.0
131.146 0.430    9   71   10    9    2 |  65.6 C2   85% 95% |  107  0.15 |  0.0  0.0  2.3  2.3
131.576 0.430    9   64   12   12    2 |  65.4 C2   100% 81% |  114  0.21 |  4.7  2.3  0.0  4.7
132.005 0.430    4   42   10   40    4 |  65.2 C2   85% 60% |  152  0.31 |  4.7  4.7  4.7  4.7
132.435 0.430    4   38    6   49    2 |  66.0 C2   77% 91% |  128  0.25 |  2.3  0.0  2.3  2.3
132.865 0.430    2   32   30   30    5 |  64.4 C2   86% 33% |  244  1.67 |  4.7  2.3  2.3  2.3
133.294 0.430    4   48   26   17    4 |  64.4 C2   70% 77% |  164  0.71 |  2.3  0.0  2.3  4.7
133.724 0.430    4   46   18   28    5 |  64.7 C2   67% 49% |  173  0.45 |  0.0  0.0  0.0  2.3
134.153 0.418    8   56    7   24    5 |  63.9 C2   83% 100% |  133  0.23 |  4.8  0.0  2.4  2.4
134.571 0.430    4   48   14   29    5 |  65.8 C2   81% 86% |  172  0.49 |  4.7  0.0  0.0  0.0
135.001 0.430    7   52   13   24    4 |  64.6 C2   93% 100% |  138  0.34 |  0.0  0.0  2.3  4.7
135.430 0.430    5   67   11   15    2 |  65.6 C2   82% 93% |  118  0.22 |  2.3  2.3  0.0  2.3
135.860 0.430    7   63   10   18    2 |  64.0 C2   57% 86% |  150  0.35 |  2.3  0.0  0.0  0.0
136.290 0.430    6   63   19   10    1 |  65.9 C2   76% 49% |  135  0.36 |  4.7  0.0  0.0  2.3
136.719 0.430    8   68   14    9    1 |  33.2 C1   71% 55% |  129  0.26 |  0.0  0.0  0.0  0.0
137.149 0.430    1   56   31    9    2 | 100.4 G2   74% 53% |  152  0.44 |  2.3  0.0  2.3  2.3
137.578 0.430    2   44   37   15    2 |  96.8 G2   95% 47% |  160  0.62 |  2.3  0.0  2.3  2.3
138.008 0.430    1   41   44   11    3 |  97.2 G2   100% 58% |  182  0.88 |  2.3  2.3  2.3  2.3
138.437 0.430    1   68   19    9    2 |  97.0 G2   100% 60% |  134  0.30 |  4.7  0.0  0.0  2.3
138.867 0.430    1   68   18   10    2 |  96.2 G2   84% 86% |  122  0.18 |  4.7  2.3  2.3  2.3
139.297 0.430    2   29   39   26    5 | 101.6 G#2  50% 65% |  180  0.72 |  4.7  0.0  0.0  2.3
139.726 0.430    1   60   29    9    2 |  97.1 G2   100% 84% |  134  0.34 |  4.7  2.3  2.3  2.3
140.156 0.430    2   26   49   19    3 |  95.8 G2   89% 63% |  203  1.58 |  7.0  0.0  2.3  2.3
140.585 0.430    1   27   52   18    3 |  96.9 G2   74% 63% |  209  1.46 |  2.3  0.0  0.0  0.0
141.015 0.418    1   29   50   17    4 |  97.7 G2   100% 74% |  203  0.67 |  7.2  0.0  0.0  0.0
141.433 0.441    1   59   24   13    3 |  96.6 G2   98% 93% |  161  0.41 |  0.0  0.0  2.3  2.3
141.874 0.418    1   24   54   17    4 |  96.7 G2   57% 50% |  201  1.03 |  0.0  0.0  0.0  0.0
142.292 0.430    1   52   28   15    5 |  96.3 G2   79% 44% |  180  0.67 |  2.3  0.0  0.0  2.3
142.721 0.430    1   48   32   14    5 |  97.4 G2   79% 77% |  174  0.71 |  7.0  2.3  0.0  2.3
143.151 0.430    1   33   46   17    3 |  97.9 G2   82% 91% |  198  1.57 |  4.7  0.0  0.0  2.3
143.581 0.430    1   11   77   10    2 |  92.5 F#2  33% 56% |  207  3.30 |  2.3  0.0  0.0  4.7
144.010 0.430    1   36   47   13    3 |  89.5 F2   45% 51% |  193  1.15 |  2.3  0.0  0.0  2.3
144.440 0.430    2   53   23   18    4 |  96.0 G2   91% 51% |  153  0.42 |  4.7  0.0  0.0  0.0
144.869 0.430    0   37   47   13    3 |  96.9 G2   71% 98% |  183  0.57 |  0.0  0.0  2.3  0.0
145.299 0.430    2   63   17   15    4 |  96.9 G2   90% 67% |  163  0.50 |  2.3  0.0  0.0  2.3
145.728 0.430    2   42   34   18    4 |  97.9 G2   91% 25% |  156  0.54 |  7.0  0.0  0.0  2.3
146.158 0.418    1   31   20   39    8 |  96.9 G2   76% 61% |  195  0.85 |  4.8  0.0  0.0  2.4
146.576 0.430    4   45   26   20    5 |  96.0 G2   88% 60% |  171  0.79 |  2.3  0.0  2.3  2.3
147.006 0.430    3   31   39   21    6 |  99.5 G2   79% 32% |  176  0.78 |  7.0  0.0  2.3  4.7
147.435 0.430    2   27   52   16    3 |  99.1 G2   65% 47% |  187  1.29 |  0.0  0.0  2.3  2.3
147.865 0.430    1   30   42   23    5 |  97.2 G2   79% 67% |  221  1.11 |  7.0  0.0  2.3  0.0
148.294 0.430    1   62   19   13    4 |  95.4 G2   71% 95% |  160  0.54 |  2.3  0.0  2.3  0.0
148.724 0.430    4   44   26   21    6 |  95.0 F#2  42% 77% |  186  0.60 |  2.3  0.0  2.3  0.0
149.153 0.430    1   65   24    8    2 |  98.0 G2   81% 84% |  165  0.59 |  7.0  2.3  0.0  2.3
149.583 0.430    1   35   39   20    4 |  97.5 G2   70% 86% |  196  1.15 |  7.0  0.0  0.0  2.3
150.013 0.418    0   34   43   19    4 |  96.8 G2   57% 88% |  221  1.76 |  4.8  2.4  2.4  4.8
150.430 0.430    1   28   56   12    2 |  89.9 F2   53% 44% |  198  1.70 |  4.7  2.3  2.3  4.7
150.860 0.430    2   33   25   34    5 |  65.5 C2   76% 79% |  240  0.89 |  2.3  0.0  0.0  2.3
151.290 0.441    2   49   22   21    6 |  66.3 C2   65% 39% |  166  0.30 |  0.0  0.0  2.3  2.3
151.731 0.418    6   48   24   18    5 |  64.9 C2   83% 83% |  173  0.55 |  2.4  2.4  2.4  0.0
152.149 0.430    2   46   21   26    5 |  66.3 C2   97% 67% |  201  0.69 |  0.0  0.0  2.3  0.0
152.578 0.418    3   32   25   37    3 |  66.1 C2   93% 67% |  184  0.79 |  0.0  0.0  2.4  2.4
152.996 0.441    2   36   18   41    4 |  66.8 C2   93% 32% |  208  0.50 |  6.8  2.3  2.3  2.3
153.437 0.430    2   57   18   19    4 |  65.6 C2   68% 51% |  176  0.39 |  2.3  0.0  0.0  0.0
153.867 0.418    2   43   27   24    4 |  65.0 C2   75% 10% |  214  1.11 |  0.0  0.0  0.0  0.0
154.285 0.430    2   43   21   31    4 |  65.9 C2   100% 51% |  182  0.62 |  4.7  0.0  0.0  2.3
154.715 0.441    4   42   16   34    4 |  67.1 C2   66% 80% |  152  0.36 |  2.3  0.0  2.3  2.3
155.156 0.430    4   28   30   34    4 |  64.2 C2   58% 56% |  202  0.85 |  4.7  0.0  0.0  0.0
155.585 0.418    5   47   12   30    6 |  65.6 C2   100% 60% |  162  0.38 |  2.4  0.0  0.0  0.0
156.003 0.430    3   36   20   36    4 |  65.7 C2   97% 77% |  188  0.66 |  2.3  2.3  2.3  2.3
156.433 0.430    3   51   17   23    6 |  65.6 C2   100% 95% |  164  0.51 |  7.0  2.3  2.3  2.3
156.862 0.418    3   45   30   18    4 |  65.6 C2   56% 38% |  210  0.99 |  2.4  0.0  2.4  2.4
157.280 0.430    0   53   20   23    5 | 103.7 G#2  34% 74% |  199  0.71 |  2.3  2.3  2.3  4.7
157.710 0.430    2   50   22   20    6 |  67.6 C#2  32% 72% |  172  0.47 |  0.0  0.0  2.3  2.3
158.140 0.441    4   46   22   22    6 |  67.2 C2   52% 69% |  201  0.61 |  2.3  0.0  2.3  2.3
158.581 0.430    3   56   19   18    3 |  65.5 C2   100% 58% |  186  0.48 |  4.7  0.0  0.0  0.0
159.010 0.418    4   38   21   33    5 |  65.9 C2   96% 57% |  222  0.83 |  0.0  0.0  0.0  0.0
159.428 0.430    4   49   15   30    3 |  67.2 C2   91% 53% |  174  0.56 |  2.3  0.0  2.3  2.3
159.858 0.430    3   38   14   42    3 |  66.6 C2   86% 84% |  156  0.36 |  4.7  0.0  2.3  2.3
160.287 0.430    3   58   19   18    3 |  65.7 C2   76% 49% |  162  0.39 |  7.0  2.3  2.3  0.0
160.717 0.430    1   42   24   28    5 |   0.0 -     0%  2% |  229  0.97 |  2.3  0.0  0.0  2.3
161.146 0.430    1   42   22   31    5 | 105.2 G#2  40% 23% |  203  0.60 |  0.0  0.0  0.0  2.3
161.576 0.441    2   38   18   36    5 |  66.9 C2   83% 27% |  206  0.74 |  0.0  0.0  2.3  2.3
162.017 0.430    7   50   18   21    4 |  65.1 C2   79% 91% |  137  0.36 |  0.0  0.0  0.0  0.0
162.447 0.418    2   46   13   32    7 |  66.6 C2   83% 43% |  195  0.53 |  4.8  0.0  0.0  0.0
162.865 0.430    3   42   28   22    5 |  68.0 C#2  83% 84% |  163  0.54 |  4.7  2.3  2.3  2.3
163.294 0.430    1   35   18   36    9 |  68.2 C#2  80% 23% |  219  0.86 |  2.3  0.0  2.3  2.3
163.724 0.418    2   24   46   23    6 |  63.7 C2   60% 24% |  259  2.21 |  2.4  2.4  2.4  4.8
164.142 0.430    1   31   33   29    6 | 110.7 A2   100%  7% |  230  1.36 |  2.3  0.0  0.0  4.7
164.571 0.430    1   23   57   17    3 | 100.1 G2   71% 95% |  249  2.45 |  2.3  0.0  0.0  2.3
165.001 0.430    3   59   25   12    1 |  98.3 G2   90% 93% |  189  0.67 |  0.0  0.0  2.3  2.3
165.431 0.430    4   51   25   19    1 |  97.4 G2   77% 100% |  191  0.54 |  0.0  0.0  0.0  0.0
165.860 0.430    1   83    7    9    1 |  97.3 G2   86% 100% |  176  0.45 |  2.3  0.0  0.0  2.3
166.290 0.430    1   33   34   27    5 |  94.3 F#2  87% 72% |  187  0.77 |  2.3  0.0  2.3  2.3
166.719 0.430    0   47   22   23    7 |  99.3 G2   48% 98% |  190  0.71 |  4.7  2.3  4.7  4.7
167.149 0.430    2   67   13   16    2 |  98.6 G2   88% 74% |  185  0.44 |  7.0  2.3  0.0  4.7
167.578 0.430    2   71   14   12    1 |  98.0 G2   58% 84% |  144  0.34 |  2.3  2.3  0.0  7.0
168.008 0.441    1   80   12    7    1 |  95.9 G2   80% 100% |  131  0.20 |  0.0  0.0  0.0  2.3
168.449 0.430    2   34   31   29    4 |  96.8 G2   89% 84% |  240  1.82 |  0.0  0.0  0.0  2.3
168.879 0.430    1   21   23   50    5 |  97.2 G2   96% 56% |  391  4.45 |  0.0  0.0  0.0  0.0
169.308 0.418    3   49   16   29    3 |  92.8 F#2   5% 93% |  260  1.19 |  4.8  0.0  0.0  0.0
169.726 0.430    1   69   15   13    2 |  97.4 G2   77% 51% |  169  0.39 |  7.0  2.3  0.0  2.3
170.156 0.430    7   46   23   23    2 | 100.1 G2   64% 33% |  186  0.56 |  4.7  0.0  0.0  4.7
170.585 0.430    5   70   15    9    1 |  74.6 D2   30% 47% |  133  0.31 |  0.0  0.0  0.0  4.7
171.015 0.430    5   77   13    5    0 |  80.9 E2   14% 84% |  122  0.20 |  2.3  0.0  0.0  7.0
171.445 0.430    5   61   25    8    1 |  92.7 F#2  22% 53% |  142  0.40 |  0.0  0.0  0.0  2.3
171.874 0.430    2   45   35   15    3 |  96.5 G2   65% 60% |  181  0.87 |  2.3  0.0  2.3  2.3
172.304 0.430    1   74   15   10    1 |  97.5 G2   90% 67% |  154  0.63 |  2.3  0.0  0.0  0.0
172.733 0.418    1   56   14   26    3 |  96.6 G2   91% 79% |  198  0.77 |  7.2  0.0  2.4  2.4
173.151 0.430    5   47   30   15    3 |  96.9 G2   59% 86% |  149  0.56 |  2.3  2.3  2.3  2.3
173.581 0.430    1   53   21   19    5 |  98.2 G2   95% 93% |  165  0.59 |  0.0  0.0  2.3  2.3
174.010 0.418    1   56   18   23    2 |  95.4 G2   83% 100% |  161  0.35 |  0.0  0.0  0.0  0.0
174.428 0.430    1   72   12   14    1 |  96.4 G2   81% 74% |  145  0.45 |  2.3  0.0  0.0  2.3
174.858 0.430    2   54   24   18    3 |  97.2 G2   68% 95% |  180  0.64 |  7.0  2.3  0.0  2.3
175.287 0.430    4   53   16   24    3 |  96.4 G2   62% 98% |  185  0.61 |  4.7  0.0  0.0  0.0
175.717 0.430    3   55   16   23    3 |  97.5 G2   59% 63% |  197  1.00 |  4.7  0.0  0.0  0.0
176.147 0.430    3   61   14   19    3 |  95.6 G2   75% 84% |  205  0.87 |  4.7  2.3  0.0  2.3
176.576 0.430    2   51   23   22    3 |  95.8 G2   20% 47% |  178  0.57 |  4.7  2.3  2.3  2.3
177.006 0.430    4   51   25   17    2 |  94.7 F#2  80% 70% |  165  0.48 |  2.3  0.0  0.0  2.3
177.435 0.430    3   68   20    8    1 |  96.1 G2   55% 67% |  147  0.45 |  2.3  0.0  0.0  0.0
177.865 0.430    1   72   16   11    1 |  86.9 F2    8% 84% |  127  0.30 |  0.0  0.0  0.0  0.0
178.294 0.430    6   58   21   13    1 |  66.1 C2   85% 75% |  157  0.45 |  0.0  0.0  0.0  2.3
178.724 0.430    5   59   18   16    2 |  64.8 C2   79% 100% |  150  0.41 |  4.7  0.0  0.0  2.3
179.154 0.418    8   63   14   14    2 |  65.5 C2   83% 100% |  119  0.26 |  4.8  0.0  0.0  0.0
179.572 0.430    8   55   12   22    4 |  65.4 C2   98% 100% |  140  0.27 |  4.7  2.3  0.0  4.7
180.001 0.430    5   46   14   32    3 |  65.7 C2   77% 100% |  128  0.29 |  4.7  2.3  2.3  2.3
180.431 0.430    1   18    6   71    3 |  65.8 C2   69% 67% |  193  0.73 |  2.3  0.0  0.0  0.0
180.860 0.430    4   46   15   30    6 |  64.3 C2   100% 60% |  209  0.56 |  0.0  0.0  0.0  2.3
181.290 0.430    4   55   15   22    4 |  65.0 C2   64% 65% |  145  0.42 |  4.7  0.0  2.3  4.7
181.719 0.430    4   55   29   10    2 |  65.7 C2   100% 53% |  143  0.30 |  2.3  0.0  0.0  2.3
182.149 0.430    4   40   24   25    7 |  64.3 C2   81% 60% |  194  1.05 |  4.7  0.0  0.0  4.7
182.579 0.430    4   55   15   22    5 |  67.1 C2   100% 70% |  159  0.52 |  2.3  0.0  0.0  2.3
183.008 0.430    8   65    9   14    4 |  65.7 C2   88% 95% |  120  0.23 |  2.3  0.0  0.0  4.7
183.438 0.430    5   64   17   11    3 |  66.4 C2   97% 72% |  138  0.32 |  2.3  0.0  2.3  2.3
183.867 0.418    7   60   17   14    2 |  64.6 C2   76% 98% |  152  0.41 |  2.4  0.0  0.0  2.4
184.285 0.430   10   69   13    7    1 |  65.9 C2   82% 77% |  132  0.25 |  4.7  0.0  0.0  2.3
184.715 0.430    3   52   24   20    1 |  87.8 F2   25% 19% |  188  0.92 |  2.3  0.0  0.0  2.3
185.144 0.430    2   63   20   13    2 |  33.8 C#1  67% 21% |  164  0.47 |  2.3  0.0  0.0  2.3
185.574 0.430    5   68   10   16    2 |  66.1 C2   81% 72% |  144  0.29 |  4.7  0.0  0.0  0.0
186.003 0.430    8   68    9   11    3 |  66.4 C2   98% 95% |  118  0.17 |  4.7  0.0  2.3  2.3
186.433 0.430    7   62   11   17    3 |  65.9 C2   88% 98% |  126  0.31 |  2.3  0.0  0.0  4.7
186.863 0.430    6   51    8   32    3 |  65.4 C2   90% 91% |  131  0.23 |  7.0  4.7  2.3  4.7
187.292 0.430    3   27    8   59    3 |  64.7 C2   88% 77% |  152  0.44 |  4.7  2.3  2.3  2.3
187.722 0.430    7   54   15   20    4 |  64.6 C2   87% 72% |  175  0.53 |  2.3  0.0  2.3  2.3
188.151 0.430    4   65   15   12    3 |  65.2 C2   63% 88% |  141  0.29 |  0.0  0.0  2.3  4.7
188.581 0.430    2   68   12   16    3 | 104.8 G#2  100% 21% |  132  0.30 |  4.7  0.0  0.0  2.3
189.010 0.430    5   57    9   25    4 |  65.4 C2   100% 70% |  132  0.20 |  2.3  0.0  0.0  2.3
189.440 0.430    8   64    8   17    4 |  65.6 C2   100% 100% |  104  0.12 |  2.3  0.0  0.0  0.0
189.870 0.418    8   54   15   19    4 |  65.2 C2   93% 100% |  155  0.40 |  0.0  0.0  2.4  4.8
190.288 0.430    5   60   17   14    3 |  65.4 C2   77% 68% |  136  0.31 |  4.7  0.0  0.0  2.3
190.717 0.430    5   51   16   25    2 |  65.1 C2   43% 65% |  186  0.53 |  0.0  0.0  0.0  0.0
191.147 0.430    7   69   15    8    1 |  64.4 C2   70% 70% |  128  0.25 |  4.7  0.0  0.0  2.3
191.576 0.430   10   69   14    7    1 |  64.5 C2   63% 81% |  118  0.24 |  2.3  0.0  0.0  0.0
192.006 0.430    1   32   53   11    3 | 100.5 G2   56% 37% |  177  0.83 |  4.7  0.0  2.3  2.3
192.435 0.418    1   36   52    9    2 |  96.5 G2   74% 93% |  163  0.70 |  4.8  0.0  0.0  2.4
192.853 0.441    1   64   23   10    2 |  96.7 G2   83% 52% |  163  0.55 |  6.8  2.3  2.3  2.3
193.295 0.430    4   34   46   14    3 |  94.6 F#2  93% 33% |  186  1.02 |  2.3  0.0  0.0  2.3
193.724 0.430    1   65   25    8    1 |  98.2 G2   89% 42% |  135  0.24 |  2.3  2.3  2.3  2.3
194.154 0.430    1   50   35   12    2 |  96.6 G2   72% 67% |  175  0.85 |  7.0  0.0  0.0  2.3
194.583 0.430    2   39   43   13    2 |  96.2 G2   76% 58% |  159  0.68 |  7.0  2.3  2.3  2.3
195.013 0.430    2   29   50   16    3 |  96.9 G2   86% 49% |  205  1.66 |  2.3  2.3  4.7  2.3
195.442 0.430    1   44   41   12    2 |  96.9 G2   100% 58% |  185  1.28 |  4.7  2.3  0.0  2.3
195.872 0.418    2   46   31   19    3 |  96.7 G2   71% 74% |  187  0.78 |  0.0  0.0  0.0  0.0
196.290 0.430    1   35   39   22    3 |  93.9 F#2  50% 51% |  240  1.09 |  2.3  0.0  2.3  2.3
196.719 0.430    1   44   33   19    3 |  97.0 G2   76% 86% |  209  0.97 |  4.7  0.0  0.0  0.0
197.149 0.430    1   55   27   14    3 |  97.1 G2   91% 53% |  150  0.32 |  2.3  0.0  2.3  2.3
197.579 0.430    1   37   41   16    5 |  96.3 G2   67% 63% |  201  1.28 |  4.7  2.3  0.0  2.3
198.008 0.430    0   48   32   17    3 |  96.1 G2   76% 79% |  182  0.73 |  0.0  0.0  0.0  2.3
198.438 0.430    1   27   57   12    2 |  72.6 D2   82% 40% |  233  2.28 |  4.7  4.7  0.0  4.7
198.867 0.430    1   28   55   13    3 |  97.6 G2   67% 42% |  204  1.92 |  2.3  0.0  0.0  2.3
199.297 0.430    2   44   34   17    5 |  98.9 G2   64% 64% |  165  0.62 |  2.3  0.0  0.0  0.0
199.726 0.430    1   52   33   11    3 |  97.0 G2   68% 93% |  176  0.80 |  2.3  0.0  2.3  0.0
200.156 0.430    2   55   28   13    3 |  97.9 G2   75% 93% |  183  0.50 |  7.0  0.0  0.0  2.3
200.586 0.430    1   63   25   10    1 |  96.7 G2   62% 93% |  136  0.36 |  4.7  2.3  2.3  2.3
201.015 0.418    1   43   34   19    4 |  96.6 G2   90% 93% |  185  0.90 |  2.4  0.0  0.0  2.4
201.433 0.430    2   48   30   17    4 |  98.4 G2   86% 84% |  163  0.55 |  0.0  0.0  0.0  2.3
201.863 0.430    3   44   34   15    3 |  97.2 G2   81% 84% |  160  0.40 |  7.0  4.7  2.3  4.7
202.292 0.430    2   36   44   15    3 |  96.9 G2   96% 56% |  197  0.80 |  2.3  0.0  2.3  2.3
202.722 0.430    3   40   34   20    4 |  97.4 G2   65% 40% |  206  0.71 |  7.0  0.0  0.0  0.0
203.151 0.430    2   44   29   20    4 |  94.6 F#2  71% 56% |  185  0.81 |  2.3  0.0  2.3  2.3
203.581 0.430    2   68   16   11    3 |  96.9 G2   97% 88% |  142  0.34 |  4.7  0.0  2.3  0.0
204.011 0.430    3   53   29   13    3 |  97.6 G2   86% 98% |  169  0.59 |  0.0  0.0  0.0  4.7
204.440 0.418    1   66   19   11    3 |  98.1 G2   89% 88% |  146  0.42 |  2.4  0.0  2.4  4.8
204.858 0.430    0   62   24   11    2 |  96.9 G2   91% 77% |  170  0.70 |  2.3  0.0  2.3  4.7
205.288 0.430    1   38   44   14    3 |  89.5 F2   12% 79% |  180  0.87 |  0.0  0.0  0.0  4.7
205.717 0.430    0   39   27   29    5 |  65.7 C2   75% 19% |  228  0.99 |  2.3  0.0  4.7  2.3
206.147 0.430    2   37   27   28    6 |  71.0 C#2  33% 35% |  199  0.83 |  2.3  2.3  4.7  2.3
206.576 0.430    7   53   23   15    3 |  64.9 C2   100% 100% |  132  0.20 |  2.3  0.0  0.0  0.0
207.006 0.430    4   49   23   20    4 |  65.9 C2   94% 72% |  174  0.42 |  4.7  0.0  0.0  2.3
207.435 0.430    2   31   44   18    4 |  66.5 C2   73% 51% |  213  1.52 |  7.0  2.3  2.3  2.3
207.865 0.430    2   57   16   20    5 |  66.0 C2   88% 74% |  163  0.32 |  0.0  0.0  2.3  2.3
208.295 0.430    3   34   43   17    4 |  65.7 C2   80% 47% |  212  1.40 |  2.3  0.0  2.3  0.0
208.724 0.418    1   39   25   32    3 |  66.0 C2   75% 29% |  230  1.00 |  2.4  0.0  0.0  0.0
209.142 0.430    2   47   26   20    5 |  65.4 C2   69% 37% |  186  0.54 |  4.7  2.3  2.3  2.3
209.572 0.441    3   49   17   25    5 |  67.7 C#2  100% 40% |  199  0.71 |  9.1  2.3  4.5  2.3
210.013 0.430    4   36   34   22    5 |  67.4 C#2  76% 40% |  207  1.04 |  0.0  0.0  0.0  0.0
210.442 0.418    7   50   15   23    6 |  64.8 C2   100% 95% |  185  0.51 |  2.4  0.0  0.0  0.0
210.860 0.430    4   50   19   23    4 |  66.8 C2   94% 73% |  150  0.34 |  2.3  0.0  2.3  2.3
211.290 0.430    3   35   22   32    8 |  66.0 C2   83% 70% |  201  0.76 |  7.0  2.3  2.3  2.3
211.720 0.430    2   45   29   20    4 |  66.5 C2   81% 37% |  206  0.97 |  0.0  0.0  4.7  0.0
212.149 0.430    1   35   27   30    6 | 100.7 G2   100% 51% |  239  1.45 |  2.3  0.0  0.0  4.7
212.579 0.418    1   47   27   20    6 | 103.7 G#2  29% 57% |  197  0.69 |  2.4  0.0  2.4  2.4
212.997 0.441    5   47   23   21    5 |  66.1 C2   97% 80% |  181  0.55 |  2.3  0.0  2.3  2.3
213.438 0.430    7   40   26   23    5 |  63.7 C2   79% 79% |  194  0.75 |  2.3  0.0  0.0  0.0
213.867 0.418    5   53   13   26    4 |  65.1 C2   100% 69% |  205  0.59 |  0.0  0.0  0.0  0.0
214.285 0.430    4   56   22   14    3 |  66.8 C2   78% 63% |  171  0.66 |  7.0  2.3  2.3  2.3
214.715 0.441    3   54   20   19    4 |  66.8 C2   100% 73% |  174  0.28 |  4.5  2.3  2.3  2.3
215.156 0.430    2   43   38   15    2 |  65.4 C2   68% 44% |  199  0.98 |  2.3  0.0  0.0  2.3
215.586 0.418    2   53   17   24    4 |  33.6 C1   50% 38% |  170  0.41 |  2.4  2.4  2.4  2.4
216.004 0.430    3   43   28   20    5 |  66.8 C2   45% 67% |  189  0.69 |  0.0  0.0  2.3  2.3
216.433 0.430    4   54   22   16    5 |  67.5 C#2  96% 53% |  166  0.44 |  2.3  2.3  2.3  2.3
216.863 0.430    9   61   11   16    4 |  65.9 C2   84% 86% |  143  0.31 |  4.7  0.0  0.0  2.3
217.292 0.418    3   45   20   25    6 |  65.9 C2   100% 48% |  183  0.55 |  4.8  0.0  0.0  0.0
217.710 0.430    3   45   20   25    7 |  68.3 C#2  88% 60% |  192  0.60 |  7.0  2.3  2.3  2.3
218.140 0.430    4   49   19   22    7 |  66.8 C2   91% 77% |  202  0.61 |  7.0  0.0  2.3  2.3
218.569 0.441    3   33   42   17    5 |  64.5 C2   79% 55% |  225  1.45 |  0.0  0.0  2.3  2.3
219.011 0.430    1   33   37   23    7 |  62.3 B1   100%  5% |  216  1.19 |  2.3  0.0  0.0  4.7
219.440 0.441    1   72   16   11    1 | 102.6 G#2  100% 18% |  142  0.22 |  0.0  0.0  0.0  0.0
219.881 0.441    0   85   11    3    0 | 103.9 G#2  100% 30% |  132  0.22 |  2.3  0.0  0.0  0.0
220.323 0.430    1   82   14    2    0 |   0.0 -     0%  0% |  118  0.13 |  2.3  0.0  0.0  0.0
220.752 0.430    1   90    8    1    0 |   0.0 -     0%  0% |  115  0.10 |  2.3  0.0  0.0  0.0
221.182 0.430    0   94    5    1    0 |   0.0 -     0%  0% |  111  0.07 |  0.0  0.0  0.0  0.0
221.611 0.441    1   77   19    2    0 |   0.0 -     0%  0% |  134  0.30 |  0.0  0.0  0.0  0.0
222.052 0.430    1   76   22    1    0 |   0.0 -     0%  0% |  129  0.21 |  0.0  0.0  0.0  0.0
