# Malicious  grain 3 s  STFT 16384 (0.372 s window)  pitch: YIN 100 ms / 10 ms hop  onsets: per second  subwob: yes
   t(s)  sub bass  lm  mid high | f0Hz note held vcd | cen   h/f | subwob beats depth | low click mid high
  0.000    0    0   24   67    9 |   0.0 -     0%  0% |  446 99.00 | 0.116  0.13 0.75 |  1.3  0.3  1.0  0.3
  3.000    1   21   18   53    6 |  77.0 D#2   0%  3% |  452 99.00 | 0.116  0.13 0.99 |  2.3  0.3  0.3  0.3
  6.000   12   36   18   30    3 |  74.4 D2   57% 29% |  245  1.00 | 0.116  0.13 1.00 |  3.3  0.7  0.7  1.0
  9.000    0    1   12   78    9 |   0.0 -     0%  0% |  482 99.00 | 0.673  0.78 0.67 |  2.0  0.0  0.3  0.0
 12.000    3   29   22   43    4 |  74.1 D2   73% 30% |  290  1.65 | 0.116  0.13 0.99 |  3.3  1.0  0.3  1.0
 15.000    0    0    5   86    9 |   0.0 -     0%  0% |  442 99.00 | 0.441  0.51 0.74 |  3.0  0.0  1.0  0.3
 18.000    3   30   18   41    7 |  72.6 D2   61% 17% |  268  1.50 | 0.116  0.13 1.00 |  3.7  0.3  0.7  0.7
 21.000    0    4    6   84    6 |  75.2 D2   89% 13% |  434 27.91 | 0.116  0.13 0.93 |  5.3  0.0  0.3  0.0
 24.000    2   16   14   58    9 |  73.1 D2   61%  9% |  391 99.00 | 0.116  0.13 1.00 |  4.3  0.7  0.7  0.7
 27.000    9   29   17   38    7 |  73.8 D2   61% 27% |  209  0.73 | 0.116  0.13 1.00 |  3.7  0.7  0.3  0.7
 30.000    3   22   21   43   11 |  75.0 D2   82% 26% |  303  2.38 | 0.116  0.13 1.00 |  4.0  0.3  1.0  0.7
 33.000    2   20   22   45   11 |  75.3 D2   91% 26% |  279  1.69 | 0.116  0.13 0.99 |  3.7  0.0  1.3  0.3
 36.000    2   21   20   45   12 |  75.1 D2   84% 28% |  286  1.69 | 0.116  0.13 0.99 |  5.0  0.0  0.3  0.0
 39.000    3   23   20   46    9 |  74.5 D2   82% 18% |  289  1.52 | 0.116  0.13 1.00 |  6.0  0.7  0.7  1.0
 42.000    2   16   12   62    7 |  97.0 G2   21% 24% |  261  1.42 | 0.116  0.13 0.98 |  3.7  0.0  0.3  0.0
 45.000    3   23   16   51    7 |  97.6 G2   11% 26% |  284  1.58 | 0.116  0.13 0.99 |  5.0  0.0  0.3  0.0
 48.000    2   19   16   57    6 |  74.5 D2   48% 20% |  283  1.60 | 0.116  0.13 0.99 |  4.7  0.3  0.3  0.0
 51.000    2   21   13   57    7 |  83.6 E2    3% 25% |  268  1.39 | 0.116  0.13 0.98 |  4.7  0.3  0.3  0.0
 54.000    2   49   29   17    3 |  97.8 G2   66% 65% |  170  0.57 | 0.441  0.51 0.91 |  3.3  0.7  1.3  1.7
 57.000    1   82   12    5    1 |  97.1 G2   56% 76% |  144  0.33 | 0.116  0.13 0.97 |  2.0  0.7  0.7  2.7
 60.000    4   75   16    4    1 |  96.9 G2   58% 63% |  130  0.23 | 0.116  0.13 0.96 |  3.7  0.3  1.3  2.3
 63.000    2   70   21    6    1 |  96.5 G2   67% 71% |  151  0.48 | 0.116  0.13 0.91 |  1.7  0.0  1.0  2.0
 66.000    2   72   18    7    1 |  96.0 G2   44% 76% |  129  0.23 | 0.116  0.13 0.92 |  2.0  0.0  1.0  1.3
 69.000    0   77   13    8    1 |  65.2 C2   80% 83% |  121  0.22 | 0.395  0.46 0.88 |  3.7  1.3  1.7  3.7
 72.000    1   77   14    7    1 |  64.9 C2   75% 71% |  128  0.26 | 0.116  0.13 0.98 |  2.3  0.3  1.3  3.7
 75.000    0   72   17    9    2 |  65.3 C2   73% 75% |  139  0.31 | 0.441  0.51 0.90 |  3.7  1.3  2.0  3.0
 78.000    0   76   16    7    1 |  65.0 C2   66% 81% |  129  0.28 | 0.836  0.97 0.91 |  1.7  0.3  2.0  2.7
 81.000    2   63   26    8    1 |  95.2 F#2  42% 64% |  148  0.38 | 0.116  0.13 0.96 |  2.3  0.0  1.3  2.0
 84.000    2   41   41   13    2 |  97.3 G2   79% 70% |  178  0.97 | 0.116  0.13 0.86 |  3.7  1.3  2.0  1.7
 87.000    1   60   25   11    2 |  96.5 G2   66% 78% |  168  0.62 | 0.116  0.13 0.82 |  2.3  0.0  0.7  2.3
 90.000    2   50   35   11    3 |  97.8 G2   68% 71% |  167  0.73 | 0.116  0.13 0.87 |  3.0  0.3  1.7  2.3
 93.000    1   51   30   15    3 |  96.8 G2   74% 76% |  183  0.65 | 0.116  0.13 0.91 |  3.3  0.3  1.7  2.7
 96.000    1   42   30   22    4 |  66.1 C2   73% 43% |  200  0.87 | 0.116  0.13 0.95 |  1.7  0.3  2.0  1.3
 99.000    1   49   25   22    3 |  65.8 C2   77% 64% |  186  0.66 | 0.116  0.13 0.95 |  2.7  0.7  2.3  1.7
102.000    1   47   27   21    3 |  66.1 C2   64% 43% |  187  0.66 | 0.116  0.13 0.97 |  1.7  0.0  1.7  2.3
105.000    1   48   27   21    3 |  65.7 C2   68% 47% |  210  0.78 | 0.116  0.13 0.95 |  1.3  0.7  1.0  1.7
108.000    1   49   31   17    2 |  96.3 G2   40% 68% |  192  0.66 | 0.116  0.13 0.95 |  2.3  0.7  1.3  2.3
111.000    2   65   15   15    2 |  96.5 G2   62% 89% |  165  0.42 | 0.116  0.13 0.91 |  3.3  1.0  1.7  3.3
114.000    4   73   11   11    1 |  95.3 G2   46% 66% |  145  0.26 | 0.116  0.13 0.99 |  2.7  0.3  0.7  3.0
117.000    1   68   14   15    2 |  96.8 G2   73% 83% |  152  0.32 | 1.254  1.46 0.91 |  2.0  0.3  1.3  1.7
120.000    2   68   16   12    1 |  96.2 G2   58% 73% |  166  0.46 | 0.116  0.13 0.92 |  4.0  1.0  0.7  1.7
123.000    0   55   15   27    2 |  65.1 C2   68% 81% |  156  0.40 | 0.116  0.13 0.97 |  1.7  0.3  1.0  2.0
126.000    0   70   11   15    3 |  65.2 C2   81% 77% |  141  0.26 | 0.116  0.13 0.89 |  2.3  0.3  1.0  3.3
129.000    1   75   12   11    2 |  65.4 C2   71% 63% |  139  0.25 | 0.116  0.13 0.96 |  2.0  0.3  0.7  2.3
132.000    0   48   13   34    4 |  65.0 C2   76% 70% |  163  0.40 | 0.116  0.13 0.90 |  3.3  1.0  2.0  2.7
135.000    2   62   21   13    2 |  65.2 C2   50% 69% |  144  0.31 | 0.116  0.13 0.95 |  2.0  0.3  1.0  2.0
138.000    1   48   34   14    3 |  97.0 G2   83% 69% |  172  0.74 | 0.116  0.13 0.83 |  4.3  1.0  1.3  2.0
141.000    1   35   46   14    3 |  96.9 G2   80% 69% |  190  0.87 | 0.116  0.13 0.81 |  3.3  0.3  0.3  2.0
144.000    1   44   33   18    4 |  96.3 G2   73% 59% |  174  0.63 | 0.116  0.13 0.82 |  3.3  0.0  0.7  1.7
147.000    2   45   33   16    4 |  97.2 G2   65% 69% |  186  0.80 | 0.116  0.13 0.94 |  4.7  0.3  1.7  1.7
150.000    1   38   33   24    4 |  66.3 C2   57% 67% |  197  0.88 | 0.116  0.13 0.95 |  2.0  1.0  2.0  2.3
153.000    1   45   20   30    4 |  65.8 C2   74% 49% |  186  0.63 | 0.116  0.13 0.97 |  3.3  0.3  0.7  1.0
156.000    0   51   21   23    5 |  66.1 C2   60% 69% |  183  0.59 | 0.116  0.13 0.97 |  3.0  1.0  2.0  2.3
159.000    0   47   18   31    4 |  66.6 C2   86% 42% |  204  0.68 | 0.116  0.13 0.92 |  2.3  0.3  1.3  1.7
162.000    1   36   34   25    5 |  67.6 C#2  39% 53% |  220  1.12 | 0.116  0.13 0.96 |  2.7  0.7  1.0  2.3
165.000    2   65   17   14    2 |  97.8 G2   69% 89% |  174  0.49 | 0.116  0.13 0.94 |  2.7  1.0  1.3  3.3
168.000    3   66   15   15    2 |  96.1 G2   57% 66% |  187  0.44 | 0.116  0.13 0.97 |  2.3  0.3  0.0  2.3
171.000    4   65   18   11    2 |  96.6 G2   64% 75% |  147  0.37 | 0.116  0.13 0.96 |  2.3  0.3  1.3  2.7
174.000    2   62   15   19    2 |  96.4 G2   67% 80% |  171  0.44 | 0.441  0.51 0.76 |  4.0  1.0  0.3  1.3
177.000    2   66   17   14    2 |  66.0 C2   49% 85% |  145  0.39 | 0.116  0.13 0.97 |  2.7  0.3  0.0  1.7
180.000    0   48   16   32    4 |  65.5 C2   76% 68% |  182  0.63 | 0.116  0.13 0.91 |  3.0  0.3  0.7  2.7
183.000    1   68   15   13    2 |  65.8 C2   73% 65% |  147  0.31 | 0.116  0.13 0.95 |  3.0  0.0  0.3  2.3
186.000    0   60   10   27    3 |  65.3 C2   75% 78% |  133  0.27 | 0.882  1.03 0.93 |  3.7  1.0  1.7  3.3
189.000    2   68   13   15    2 |  65.2 C2   81% 79% |  133  0.29 | 0.116  0.13 0.98 |  2.3  0.0  0.3  1.7
192.000    1   47   39   11    2 |  96.6 G2   69% 54% |  171  0.75 | 1.393  1.62 0.84 |  5.0  1.0  1.3  2.3
195.000    1   43   36   16    3 |  96.8 G2   72% 62% |  197  0.98 | 0.116  0.13 0.84 |  3.0  1.0  1.3  1.7
198.000    1   43   40   13    3 |  97.1 G2   62% 72% |  181  0.79 | 1.300  1.51 0.83 |  3.3  1.0  0.7  2.0
201.000    2   48   31   16    3 |  97.0 G2   85% 71% |  183  0.70 | 0.116  0.13 0.89 |  3.7  0.7  1.3  2.0
204.000    1   50   28   17    4 |  95.3 G2   37% 70% |  171  0.62 | 0.116  0.13 0.92 |  1.7  0.3  2.0  3.3
207.000    0   45   27   23    4 |  66.2 C2   79% 50% |  208  0.82 | 0.116  0.13 0.94 |  4.0  1.0  2.0  1.7
210.000    1   45   24   24    6 |  66.7 C2   58% 60% |  202  0.78 | 0.116  0.13 0.96 |  2.7  0.3  1.7  1.7
213.000    1   53   22   20    4 |  65.8 C2   69% 64% |  191  0.60 | 0.116  0.13 0.96 |  3.0  1.0  1.3  1.7
216.000    1   50   24   20    5 |  66.6 C2   74% 64% |  189  0.62 | 0.116  0.13 0.95 |  3.7  0.7  1.7  2.0
219.000    0   41   32   20    6 | 103.4 G#2  91%  8% |  125  0.17 | 0.116  0.13 1.00 |  1.3  0.0  0.0  0.7
222.000    0   74   24    2    0 |   0.0 -     0%  0% |  134  0.24 | 0.116  0.13 0.97 |  0.0  0.0  0.0  0.0
