# Malicious  grain 5 s  STFT 16384 (0.372 s window)  pitch: YIN 100 ms / 10 ms hop  onsets: per second  subwob: yes
   t(s)  sub bass  lm  mid high | f0Hz note held vcd | cen   h/f | subwob beats depth | low click mid high
  0.000    0    0   20   71    9 |   0.0 -     0%  0% |  455 99.00 | 0.116  0.13 0.75 |  1.2  0.2  0.6  0.2
  5.000    8   34   18   36    4 |  74.4 D2   54% 19% |  280  1.19 | 0.116  0.13 1.00 |  4.0  0.6  0.8  0.8
 10.000    2   23   20   50    5 |  74.1 D2   73% 18% |  370  3.97 | 0.116  0.13 1.00 |  2.2  0.6  0.2  0.6
 15.000    1    9    9   72    9 |  72.1 D2   32%  4% |  435 99.00 | 0.116  0.13 0.99 |  3.4  0.2  0.8  0.6
 20.000    0    8    9   76    7 |  74.4 D2   76% 14% |  421 29.28 | 0.116  0.13 0.98 |  4.6  0.2  0.6  0.0
 25.000    7   27   17   42    7 |  73.6 D2   63% 22% |  230  0.94 | 0.116  0.13 1.00 |  4.0  0.6  0.4  0.8
 30.000    3   22   21   44   11 |  75.1 D2   85% 23% |  289  1.75 | 0.116  0.13 0.99 |  4.0  0.2  1.0  0.4
 35.000    2   20   22   44   11 |  75.0 D2   84% 26% |  282  1.64 | 1.672  1.94 0.99 |  5.2  0.2  0.8  0.4
 40.000    2   17   13   59    8 |  75.3 D2   46% 24% |  278  1.57 | 0.116  0.13 0.99 |  4.2  0.2  0.4  0.4
 45.000    3   24   17   50    7 |  95.8 G2    7% 24% |  289  1.60 | 0.116  0.13 0.99 |  4.6  0.2  0.4  0.0
 50.000    2   20   18   54    6 |  77.2 D#2   4% 24% |  256  1.51 | 0.116  0.13 0.99 |  5.2  0.6  0.6  0.4
 55.000    1   75   17    6    1 |  97.5 G2   60% 79% |  148  0.34 | 0.116  0.13 0.93 |  2.0  0.4  0.8  2.2
 60.000    4   73   17    5    1 |  96.5 G2   59% 65% |  138  0.31 | 0.116  0.13 0.96 |  2.8  0.2  1.4  2.2
 65.000    2   74   17    7    1 |  94.1 F#2  17% 80% |  126  0.22 | 0.116  0.13 0.93 |  2.4  0.4  1.0  1.8
 70.000    1   77   14    7    1 |  64.9 C2   77% 74% |  125  0.26 | 0.116  0.13 0.93 |  2.8  0.6  1.4  3.8
 75.000    0   74   16    8    1 |  65.0 C2   64% 78% |  133  0.29 | 1.254  1.46 0.90 |  2.6  0.8  2.0  2.8
 80.000    2   62   26    9    1 |  95.0 F#2  34% 71% |  149  0.38 | 0.116  0.13 0.96 |  2.6  0.6  1.8  2.4
 85.000    1   52   32   12    2 |  96.6 G2   72% 71% |  176  0.75 | 0.116  0.13 0.84 |  3.0  0.4  1.0  1.8
 90.000    2   54   30   11    3 |  97.2 G2   79% 74% |  169  0.62 | 0.116  0.13 0.87 |  3.0  0.2  1.4  2.2
 95.000    1   42   32   22    4 |  66.9 C2   39% 50% |  205  0.96 | 0.116  0.13 0.95 |  2.2  0.6  2.2  2.2
100.000    1   50   25   21    3 |  65.8 C2   78% 54% |  181  0.59 | 0.116  0.13 0.97 |  2.2  0.2  2.0  1.8
105.000    1   47   30   19    3 |  65.9 C2   59% 49% |  210  0.86 | 0.116  0.13 0.95 |  2.2  0.8  1.2  2.2
110.000    2   66   15   15    2 |  96.8 G2   69% 84% |  169  0.42 | 0.116  0.13 0.96 |  2.4  0.6  1.2  2.4
115.000    3   72   12   11    1 |  96.1 G2   56% 79% |  140  0.25 | 0.116  0.13 0.97 |  2.4  0.4  1.2  2.6
120.000    2   67   17   13    2 |  86.3 F2    4% 76% |  160  0.44 | 0.116  0.13 0.95 |  3.0  0.6  0.8  1.8
125.000    1   66   10   21    3 |  64.9 C2   75% 77% |  143  0.28 | 0.116  0.13 0.95 |  2.2  0.4  0.8  3.0
130.000    0   58   14   25    3 |  65.2 C2   77% 65% |  155  0.35 | 1.254  1.46 0.88 |  2.8  0.8  1.6  2.4
135.000    2   59   24   13    2 |  94.5 F#2  24% 69% |  150  0.37 | 0.116  0.13 0.94 |  2.8  0.8  1.2  2.2
140.000    1   34   47   15    3 |  96.4 G2   73% 67% |  193  1.02 | 0.116  0.13 0.87 |  3.6  0.2  0.6  1.6
145.000    2   47   30   18    4 |  97.1 G2   73% 66% |  178  0.70 | 0.116  0.13 0.90 |  4.2  0.2  1.2  1.8
150.000    1   42   27   26    4 |  66.3 C2   63% 57% |  193  0.73 | 0.116  0.13 0.94 |  2.6  0.8  1.6  2.0
155.000    1   49   20   26    5 |  66.0 C2   67% 64% |  190  0.66 | 0.116  0.13 0.97 |  2.8  0.6  1.6  1.8
160.000    0   41   27   27    5 |  67.1 C2   55% 46% |  206  0.80 | 0.116  0.13 0.96 |  2.6  0.6  1.0  2.0
165.000    2   66   16   15    2 |  97.4 G2   70% 85% |  180  0.50 | 0.116  0.13 0.93 |  2.4  0.8  0.8  2.6
170.000    3   65   17   13    2 |  96.3 G2   58% 70% |  154  0.38 | 0.116  0.13 0.96 |  2.4  0.4  0.8  2.8
175.000    2   64   17   15    2 |  73.8 D2    4% 81% |  161  0.41 | 0.116  0.13 0.90 |  3.6  0.6  0.2  1.4
180.000    1   56   16   25    3 |  65.6 C2   76% 72% |  157  0.44 | 0.116  0.13 0.95 |  3.0  0.2  0.6  2.8
185.000    0   62   11   23    3 |  65.4 C2   80% 72% |  139  0.27 | 0.882  1.03 0.89 |  3.2  0.6  1.2  2.6
190.000    2   55   30   11    2 |  92.1 F#2  11% 63% |  166  0.52 | 0.116  0.13 0.94 |  4.0  0.6  0.8  2.0
195.000    1   41   40   15    3 |  96.8 G2   67% 61% |  195  0.97 | 0.116  0.13 0.83 |  2.8  1.0  1.0  1.8
200.000    2   52   28   14    3 |  97.2 G2   78% 79% |  174  0.62 | 0.116  0.13 0.89 |  3.6  0.6  1.4  2.6
205.000    0   47   28   21    4 |  66.5 C2   58% 55% |  200  0.79 | 0.116  0.13 0.95 |  3.0  0.8  2.0  2.0
210.000    1   48   23   23    5 |  66.1 C2   70% 64% |  199  0.69 | 0.116  0.13 0.96 |  2.8  0.6  1.6  1.6
215.000    1   49   26   20    5 |  66.6 C2   64% 52% |  188  0.62 | 0.116  0.13 0.99 |  3.2  0.6  1.2  2.0
220.000    0   83   13    3    0 | 104.7 G#2  100%  1% |  124  0.17 | 0.116  0.13 1.00 |  0.4  0.0  0.0  0.0
