# Malicious  grain bar (129 slices, bar-synchronous on the 139.67 bpm grid)  STFT 8192
   t(s)   dur  sub bass  lm  mid high | f0Hz note held vcd | cen   h/f | low click mid high
  0.929 1.718    0    0   24   64   11 |   0.0 -     0%  0% |  424 99.00 |  1.8  0.6  1.2  0.0
  2.647 1.718    0    0   17   74    9 |   0.0 -     0%  0% |  475 99.00 |  1.8  0.0  0.0  0.0
  4.365 1.718    3   33   18   41    5 |  77.0 D#2   0%  6% |  365  3.33 |  2.9  0.6  0.6  0.6
  6.084 1.707   16   43   20   20    2 |  73.4 D2   51% 35% |  187  0.56 |  2.9  1.2  1.2  1.8
  7.790 1.718    0    8   16   66   10 |  75.3 D2   96% 16% |  349  7.50 |  4.1  0.0  0.0  0.0
  9.509 1.707    0    0   11   81    7 |   0.0 -     0%  0% |  492 99.00 |  2.3  0.0  0.6  0.0
 11.215 1.718    4   37   18   37    4 |  77.2 D#2   0%  5% |  317  3.45 |  3.5  1.2  0.6  0.6
 12.934 1.718    2   22   24   48    4 |  73.5 D2   76% 34% |  303  2.07 |  1.2  0.6  0.0  1.2
 14.652 1.718    0    1    4   89    6 |  75.3 D2   100% 14% |  438 43.31 |  5.2  0.0  0.6  0.6
 16.370 1.707    0    0   12   70   18 |   0.0 -     0%  0% |  440 99.00 |  1.8  0.0  1.2  0.0
 18.077 1.718    3   31   17   40    9 |  73.7 D2   46%  8% |  306  1.80 |  4.1  0.6  0.6  1.2
 19.795 1.707    3   26   19   47    4 |  73.1 D2   69% 30% |  282  1.96 |  3.5  0.0  0.6  0.0
 21.502 1.718    0    2    4   89    5 |  75.4 D2   92% 15% |  442 19.88 |  5.8  0.0  0.0  0.0
 23.220 1.718    0    0    9   77   13 |   0.0 -     0%  0% |  463 99.00 |  3.5  0.6  1.2  0.0
 24.938 1.718    2   23   16   51    8 |  73.3 D2   57%  4% |  344  2.75 |  5.2  0.6  0.6  1.2
 26.657 1.707   15   30   19   32    4 |  72.6 D2   44% 33% |  222  0.81 |  2.9  0.6  0.6  0.6
 28.363 1.718    4   25   17   45   10 |  75.1 D2   80% 28% |  214  0.79 |  4.1  0.6  0.0  0.6
 30.081 1.718    3   22   24   40   11 |  74.8 D2   84% 26% |  279  2.03 |  4.1  0.0  1.8  0.6
 31.800 1.707    2   20   20   46   12 |  75.1 D2   87% 23% |  287  2.02 |  4.1  0.6  0.0  0.6
 33.506 1.718    2   24   19   45    9 |  75.2 D2   88% 23% |  288  1.51 |  4.1  0.0  1.2  0.0
 35.225 1.718    2   18   21   47   12 |  74.9 D2   88% 24% |  277  1.93 |  4.1  0.0  1.2  0.6
 36.943 1.707    3   21   24   41   12 |  75.2 D2   85% 27% |  290  1.99 |  5.3  0.0  0.6  0.0
 38.650 1.718    2   20   23   44   10 |  74.9 D2   85% 23% |  296  2.01 |  5.8  0.6  0.6  0.6
 40.368 1.707    3   21   17   50    9 |  75.1 D2   75% 21% |  325  2.09 |  5.9  0.6  1.2  1.2
 42.075 1.718    2   13   10   68    7 |  97.1 G2   22% 24% |  279  1.62 |  4.7  0.0  0.0  0.0
 43.793 1.718    2   17   12   60    8 |  77.3 D#2  10% 24% |  291  1.77 |  3.5  0.0  0.0  0.0
 45.511 1.718    3   24   16   51    7 | 100.7 G2   31% 28% |  281  1.32 |  4.7  0.0  0.6  0.0
 47.229 1.707    3   26   22   41    8 |  90.5 F#2   0% 25% |  273  1.52 |  4.7  0.6  0.6  0.0
 48.936 1.718    2   18   13   62    5 |  75.2 D2   35% 22% |  250  1.50 |  4.7  0.0  0.0  0.0
 50.654 1.695    2   18   12   60    8 |  74.3 D2   39% 22% |  293  1.75 |  4.7  0.6  0.0  0.0
 52.349 1.695    3   26   18   47    6 |  95.5 G2   15% 24% |  251  1.18 |  4.7  0.6  1.2  0.0
 54.044 1.695    2   48   30   18    3 |  98.4 G2   86% 56% |  213  1.02 |  3.5  0.6  0.6  1.8
 55.740 1.718    4   58   24   12    2 |  97.0 G2   38% 82% |  161  0.44 |  2.9  0.6  1.8  2.3
 57.458 1.753    1   85   10    3    0 |  95.7 G2   72% 83% |  122  0.18 |  2.3  0.6  0.0  3.4
 59.211 1.730    3   74   15    7    1 |  98.7 G2   81% 54% |  141  0.31 |  2.9  0.6  1.2  1.7
 60.941 1.683    5   73   17    4    1 |  93.3 F#2  16% 67% |  127  0.29 |  2.4  0.0  1.8  2.4
 62.624 1.695    1   71   20    6    1 |  96.8 G2   76% 76% |  152  0.56 |  3.0  0.0  1.8  1.8
 64.319 1.718    3   65   25    6    1 |  96.4 G2   54% 62% |  161  0.60 |  1.2  0.0  0.0  1.8
 66.038 1.707    2   79   14    4    1 |  97.7 G2   87% 74% |  128  0.24 |  1.8  0.0  1.8  1.8
 67.744 1.718    4   67   18   10    1 |  67.4 C#2  38% 86% |  129  0.27 |  2.3  0.6  0.6  1.8
 69.462 1.707    7   68   15    8    1 |  65.0 C2   81% 84% |  125  0.28 |  5.3  1.8  1.8  2.9
 71.169 1.718    5   70   16    8    1 |  64.3 C2   67% 67% |  131  0.27 |  2.3  0.0  2.3  4.1
 72.887 1.718    6   72   14    7    1 |  65.4 C2   92% 76% |  125  0.25 |  2.3  0.6  0.6  4.7
 74.606 1.707    6   72   14    7    1 |  65.2 C2   58% 78% |  122  0.20 |  2.9  0.6  0.6  1.8
 76.312 1.718    6   63   18    9    3 |  65.3 C2   84% 70% |  138  0.33 |  3.5  1.8  2.9  4.1
 78.031 1.718    5   73   16    6    1 |  64.0 C2   50% 83% |  128  0.32 |  1.2  0.0  2.3  2.3
 79.749 1.707    6   63   18   11    1 |  65.3 C2   86% 70% |  134  0.33 |  2.3  0.6  1.2  2.3
 81.456 1.718    3   63   25    7    1 |  94.3 F#2  23% 65% |  134  0.28 |  2.3  0.0  1.2  2.3
 83.174 1.718    2   60   28    9    2 |  97.3 G2   83% 80% |  152  0.48 |  2.3  0.6  2.3  2.3
 84.892 1.707    2   34   49   13    2 |  97.4 G2   75% 61% |  188  1.24 |  4.7  1.2  1.8  0.6
 86.599 1.718    2   55   27   13    3 |  97.4 G2   72% 71% |  172  0.51 |  1.8  0.6  1.8  1.8
 88.317 1.718    1   62   26   10    2 |  95.2 F#2  63% 82% |  161  0.54 |  2.9  0.0  0.0  2.9
 90.035 1.707    2   56   30   10    2 |  97.5 G2   70% 75% |  158  0.48 |  2.3  0.0  1.8  1.8
 91.742 1.718    2   44   39   12    3 |  97.8 G2   76% 67% |  181  0.66 |  4.1  0.6  1.2  2.3
 93.460 1.718    2   60   23   13    3 |  96.7 G2   84% 82% |  175  0.64 |  2.3  0.0  1.2  2.9
 95.179 1.718    1   38   34   23    4 |  80.1 E2   17% 48% |  210  0.94 |  2.3  0.6  2.9  2.9
 96.897 1.707    2   46   28   20    5 |  65.8 C2   75% 51% |  183  0.70 |  2.9  0.6  2.3  1.2
 98.604 1.707    2   40   32   23    3 |  66.0 C2   65% 49% |  199  0.93 |  1.2  0.6  2.3  1.8
100.310 1.718    4   51   22   19    3 |  65.8 C2   89% 71% |  170  0.47 |  3.5  0.6  1.8  1.2
102.028 1.718    2   43   29   22    4 |  65.2 C2   50% 24% |  181  0.70 |  1.2  0.0  2.3  3.5
103.747 1.718    3   48   26   19    3 |  66.5 C2   66% 68% |  181  0.65 |  2.3  0.6  1.2  1.2
105.465 1.707    2   44   29   22    3 |  65.3 C2   73% 33% |  210  0.81 |  1.2  0.6  1.2  1.8
107.172 1.707    4   52   23   18    3 |  65.8 C2   74% 58% |  174  0.53 |  3.5  1.2  1.2  1.8
108.878 1.730    1   47   34   16    2 |  97.6 G2   65% 72% |  200  0.79 |  1.2  0.0  0.6  2.9
110.608 1.707    4   52   21   20    3 |  95.8 G2   40% 90% |  175  0.53 |  3.5  1.2  1.8  2.3
112.315 1.753    2   69   14   14    2 |  96.7 G2   75% 88% |  161  0.40 |  2.3  0.6  1.7  3.4
114.068 1.730    3   66   12   18    2 |  97.1 G2   84% 56% |  180  0.40 |  3.5  0.6  1.2  1.7
115.798 1.695    4   75   13    7    1 |  82.5 E2   10% 77% |  129  0.22 |  1.2  0.0  0.6  4.1
117.493 1.683    1   66   16   14    3 |  96.7 G2   78% 89% |  165  0.58 |  3.0  0.6  1.8  1.8
119.176 1.718    1   68   14   16    2 |  96.2 G2   51% 84% |  150  0.33 |  2.3  0.0  0.0  1.8
120.895 1.718    3   57   21   16    2 |  96.7 G2   73% 62% |  189  0.69 |  4.1  1.8  1.2  1.8
122.613 1.707    3   67   17   11    1 |  67.8 C#2  15% 79% |  152  0.35 |  2.3  0.0  0.6  1.2
124.320 1.707    4   42   11   39    3 |  64.6 C2   80% 85% |  155  0.41 |  1.8  0.6  1.2  2.3
126.026 1.718    5   63   12   17    4 |  64.9 C2   71% 65% |  158  0.35 |  2.3  0.6  1.2  3.5
127.745 1.718    7   68   10   12    3 |  65.5 C2   89% 91% |  121  0.21 |  2.3  0.0  0.6  3.5
129.463 1.707    4   72   13   10    1 |  65.2 C2   49% 46% |  147  0.28 |  1.8  0.0  0.6  1.2
131.170 1.718    5   51    9   32    3 |  65.5 C2   89% 81% |  134  0.24 |  3.5  2.3  2.9  4.1
132.888 1.707    4   48   19   24    5 |  64.3 C2   74% 65% |  167  0.44 |  2.3  0.0  1.2  2.3
134.594 1.718    6   59   11   21    3 |  65.2 C2   77% 92% |  153  0.31 |  2.3  0.6  0.6  2.3
136.313 1.718    4   58   26   11    2 |  94.4 F#2  18% 51% |  144  0.38 |  2.3  0.0  1.2  1.8
138.031 1.718    1   55   27   14    3 |  97.3 G2   80% 66% |  162  0.59 |  4.7  1.8  1.8  2.3
139.749 1.707    1   37   44   15    3 |  97.0 G2   89% 72% |  198  1.16 |  4.7  0.0  0.6  0.6
141.456 1.718    1   47   33   15    4 |  96.7 G2   82% 66% |  181  0.71 |  2.3  0.6  0.6  2.3
143.174 1.718    1   26   57   13    2 |  95.3 G2   51% 62% |  195  1.08 |  3.5  0.0  0.6  1.8
144.893 1.707    1   46   29   20    4 |  96.9 G2   80% 62% |  172  0.58 |  3.5  0.0  0.6  2.3
146.599 1.718    3   33   41   20    5 |  97.2 G2   69% 52% |  193  0.93 |  4.1  0.0  1.8  1.8
148.317 1.718    2   54   26   14    4 |  97.1 G2   66% 85% |  175  0.63 |  4.7  0.6  1.2  1.8
150.036 1.718    2   35   38   21    4 |  74.9 D2   10% 62% |  201  1.24 |  2.9  1.2  2.3  2.9
151.754 1.707    3   39   21   33    4 |  65.8 C2   88% 61% |  192  0.65 |  2.3  1.2  1.8  1.2
153.461 1.718    2   47   20   27    4 |  66.2 C2   75% 48% |  186  0.53 |  2.3  0.0  0.6  1.2
155.179 1.707    3   42   19   30    5 |  65.6 C2   92% 72% |  181  0.67 |  4.1  1.2  1.2  1.2
156.886 1.718    2   50   22   21    5 |  69.5 C#2  15% 64% |  196  0.75 |  1.8  0.6  2.3  2.9
158.604 1.707    3   46   16   32    3 |  66.2 C2   86% 64% |  187  0.51 |  2.9  0.0  1.2  1.2
160.311 1.730    1   46   20   28    4 |  66.6 C2   75% 25% |  206  0.73 |  2.3  0.6  1.2  1.7
162.040 1.707    3   44   20   27    6 |  66.2 C2   66% 59% |  188  0.60 |  2.9  0.6  1.2  1.8
163.747 1.707    1   28   44   22    5 |  98.4 G2   67% 56% |  233  1.50 |  1.8  0.6  1.2  2.9
165.454 1.718    1   61   18   17    3 |  97.2 G2   65% 92% |  188  0.59 |  2.9  1.2  1.8  2.3
167.172 1.730    2   71   14   12    1 |  97.0 G2   73% 84% |  165  0.36 |  1.7  0.6  0.0  4.0
168.902 1.707    4   54   16   23    3 |  97.3 G2   58% 58% |  220  0.77 |  4.1  0.6  0.0  2.3
170.609 1.718    5   67   18    8    1 |  87.2 F2    4% 62% |  143  0.33 |  1.2  0.0  0.6  3.5
172.327 1.707    2   60   19   17    3 |  97.2 G2   82% 82% |  159  0.58 |  2.9  0.6  1.8  1.8
174.034 1.707    1   64   15   17    2 |  96.4 G2   74% 91% |  169  0.44 |  3.5  0.6  0.0  1.2
175.740 1.718    4   55   19   20    3 |  95.5 G2   58% 65% |  188  0.54 |  4.1  1.2  0.6  1.8
177.459 1.718    4   65   18   12    1 |  66.6 C2   35% 83% |  148  0.40 |  1.8  0.0  0.0  1.2
179.177 1.707    4   42   11   40    3 |  65.6 C2   84% 91% |  154  0.37 |  4.1  1.2  0.6  2.3
180.883 1.718    4   51   22   19    4 |  64.7 C2   84% 60% |  183  0.60 |  2.9  0.0  0.6  2.9
182.602 1.707    5   63   14   15    3 |  66.1 C2   86% 85% |  139  0.28 |  2.3  0.0  0.6  3.5
184.308 1.718    4   64   16   13    2 |  65.9 C2   64% 47% |  151  0.34 |  3.5  0.0  0.0  1.2
186.027 1.718    5   49    8   34    3 |  65.3 C2   80% 89% |  133  0.29 |  4.7  1.8  2.3  4.1
187.745 1.718    4   63   12   18    3 |  65.3 C2   75% 64% |  136  0.28 |  2.3  0.0  0.6  2.3
189.463 1.707    6   58   13   19    3 |  65.4 C2   82% 82% |  156  0.38 |  1.8  0.0  0.6  2.3
191.170 1.707    5   50   35    9    2 |  65.6 C2   35% 70% |  150  0.49 |  4.1  0.0  0.6  1.2
192.877 1.730    2   57   29   11    2 |  96.7 G2   75% 49% |  169  0.68 |  5.2  1.7  1.7  2.9
194.606 1.707    2   40   42   14    3 |  96.7 G2   80% 60% |  187  0.98 |  2.9  1.2  1.2  1.2
196.313 1.718    1   45   33   17    4 |  96.8 G2   64% 62% |  205  1.01 |  3.5  0.6  1.2  1.8
198.031 1.718    1   35   47   14    3 |  96.0 G2   48% 56% |  197  1.00 |  2.3  1.2  0.6  2.3
199.750 1.707    1   54   29   13    3 |  97.0 G2   73% 94% |  181  0.71 |  4.1  0.6  0.6  1.8
201.456 1.718    3   41   36   16    3 |  97.6 G2   85% 65% |  192  0.68 |  4.1  1.2  1.8  2.9
203.175 1.707    2   61   22   13    3 |  97.3 G2   79% 82% |  164  0.49 |  2.3  0.0  1.2  2.9
204.881 1.718    1   46   31   19    4 |  93.9 F#2  33% 53% |  197  0.81 |  1.8  0.6  2.9  2.9
206.600 1.718    3   49   25   18    4 |  65.7 C2   87% 73% |  174  0.57 |  3.5  0.6  1.2  1.8
208.318 1.718    2   42   27   25    4 |  66.5 C2   74% 38% |  211  0.86 |  4.7  1.2  2.3  1.2
210.036 1.707    4   44   21   25    6 |  65.6 C2   82% 69% |  192  0.62 |  2.9  0.6  1.2  1.2
211.743 1.718    2   44   26   23    5 |  67.2 C2   52% 58% |  209  0.83 |  1.8  0.0  2.3  2.3
213.461 1.718    5   52   19   20    4 |  65.7 C2   70% 71% |  187  0.55 |  3.5  1.2  1.2  1.8
215.179 1.707    3   49   25   19    4 |  66.8 C2   47% 51% |  185  0.61 |  1.8  1.2  1.8  2.3
216.886 1.707    4   52   17   22    6 |  66.5 C2   82% 68% |  184  0.49 |  5.9  0.6  1.2  1.2
218.593 1.753    2   37   37   19    5 |  66.2 C2   24% 26% |  172  0.52 |  1.7  0.0  0.6  1.7
220.346 1.730    1   85   12    2    0 |   0.0 -     0%  0% |  117  0.13 |  0.6  0.0  0.0  0.0
