# Malicious  grain 8 s  STFT 16384 (0.372 s window)  pitch: YIN 100 ms / 10 ms hop  onsets: per second  subwob: yes
   t(s)  sub bass  lm  mid high | f0Hz note held vcd | cen   h/f | subwob beats depth | low click mid high
  0.000    6   26   19   43    5 |  73.9 D2   55% 11% |  420 99.00 | 0.116  0.13 1.00 |  2.0  0.5  0.8  0.6
  8.000    1   15   15   63    5 |  74.6 D2   70% 13% |  420 10.52 | 0.116  0.13 0.99 |  3.4  0.4  0.4  0.5
 16.000    1   11   10   70    8 |  74.0 D2   72% 11% |  423 34.23 | 0.116  0.13 0.99 |  3.8  0.1  0.6  0.2
 24.000    5   22   18   46    9 |  74.4 D2   68% 21% |  266  1.44 | 0.116  0.13 1.00 |  4.1  0.5  0.8  0.6
 32.000    2   21   21   44   11 |  75.1 D2   84% 23% |  282  1.62 | 1.672  1.94 0.99 |  4.6  0.2  0.8  0.4
 40.000    2   19   14   57    8 |  75.9 D#2  32% 25% |  279  1.57 | 0.116  0.13 0.99 |  4.5  0.1  0.4  0.2
 48.000    2   30   19   44    5 |  97.2 G2   42% 32% |  257  1.36 | 1.672  1.94 0.99 |  4.4  0.5  0.5  0.4
 56.000    3   76   15    5    1 |  96.7 G2   55% 71% |  141  0.31 | 0.116  0.13 0.96 |  2.6  0.4  1.2  2.4
 64.000    1   74   16    7    1 |  68.6 C#2   5% 77% |  128  0.26 | 0.116  0.13 0.94 |  2.6  0.5  1.1  2.4
 72.000    1   75   15    7    1 |  65.0 C2   68% 75% |  131  0.27 | 0.116  0.13 0.92 |  2.5  0.6  1.8  3.1
 80.000    2   55   31   10    2 |  96.4 G2   58% 69% |  160  0.52 | 0.116  0.13 0.95 |  2.9  0.6  1.6  1.9
 88.000    1   54   30   12    3 |  96.7 G2   67% 75% |  174  0.69 | 0.116  0.13 0.85 |  3.0  0.2  1.4  2.6
 96.000    1   45   28   22    4 |  65.8 C2   73% 47% |  194  0.78 | 1.672  1.94 0.96 |  1.9  0.4  2.1  1.9
104.000    1   50   28   19    3 |  66.8 C2   36% 63% |  192  0.64 | 0.116  0.13 0.95 |  2.2  0.6  1.1  2.0
112.000    3   70   13   13    2 |  96.6 G2   63% 79% |  154  0.31 | 0.116  0.13 0.97 |  2.5  0.5  1.2  2.6
120.000    1   62   14   20    3 |  65.7 C2   40% 74% |  160  0.42 | 0.116  0.13 0.97 |  2.8  0.6  0.9  2.2
128.000    1   65   12   20    3 |  65.2 C2   79% 74% |  142  0.28 | 0.116  0.13 0.91 |  2.4  0.6  1.2  2.6
136.000    1   46   37   14    3 |  96.7 G2   67% 66% |  172  0.71 | 0.116  0.13 0.89 |  3.5  0.5  0.9  1.9
144.000    1   42   34   18    4 |  96.3 G2   52% 65% |  185  0.76 | 0.116  0.13 0.92 |  3.8  0.5  1.4  2.0
152.000    1   47   20   28    4 |  66.0 C2   70% 59% |  191  0.65 | 0.116  0.13 0.96 |  2.6  0.5  1.5  1.6
160.000    1   44   26   26    4 |  95.2 F#2  24% 62% |  192  0.61 | 0.116  0.13 0.95 |  2.6  0.8  1.1  2.5
168.000    3   65   16   14    2 |  96.5 G2   64% 76% |  163  0.39 | 0.116  0.13 0.94 |  2.6  0.4  0.5  2.1
176.000    1   58   16   22    3 |  65.9 C2   59% 75% |  160  0.42 | 0.116  0.13 0.95 |  3.0  0.5  0.5  2.4
184.000    1   65   13   19    2 |  65.3 C2   75% 72% |  141  0.29 | 0.116  0.13 0.97 |  3.1  0.4  0.8  2.2
192.000    1   43   40   14    3 |  96.7 G2   67% 59% |  183  0.90 | 0.116  0.13 0.83 |  3.6  1.0  1.1  2.0
200.000    1   50   29   17    4 |  96.4 G2   57% 73% |  180  0.67 | 0.116  0.13 0.92 |  3.2  0.6  1.6  2.6
208.000    1   48   24   23    4 |  66.2 C2   69% 57% |  200  0.70 | 0.116  0.13 0.96 |  3.0  0.8  1.6  1.5
216.000    1   48   26   20    5 |  66.7 C2   67% 31% |  140  0.28 | 0.116  0.13 1.00 |  1.9  0.2  0.6  1.0
