# Malicious  grain 4bar (32 slices, bar-synchronous on the 139.67 bpm grid)  STFT 16384
   t(s)   dur  sub bass  lm  mid high | f0Hz note held vcd | cen   h/f | low click mid high
  0.906 6.861    7   27   19   42    5 |  73.3 D2   47% 10% |  414 99.00 |  2.3  0.6  0.7  0.6
  7.767 6.861    2   21   19   53    5 |  74.2 D2   70% 14% |  384  8.49 |  2.8  0.4  0.3  0.4
 14.629 6.850    1   13   11   67    8 |  74.0 D2   71% 13% |  421 23.79 |  3.6  0.1  0.7  0.4
 21.478 6.861    4   13   11   65    7 |  73.7 D2   60% 13% |  408 17.07 |  4.4  0.4  0.6  0.4
 28.340 6.861    3   23   20   44   11 |  75.0 D2   83% 25% |  269  1.54 |  4.1  0.3  0.7  0.4
 35.201 6.850    2   21   21   46   11 |  75.0 D2   84% 24% |  289  1.73 |  5.3  0.3  0.7  0.6
 42.051 6.861    2   19   14   58    7 |  95.6 G2    9% 25% |  281  1.55 |  4.4  0.1  0.4  0.0
 48.913 6.803    2   30   19   44    5 |  98.0 G2   51% 31% |  248  1.30 |  4.4  0.4  0.4  0.4
 55.716 6.885    3   77   14    5    1 |  96.7 G2   52% 72% |  137  0.27 |  2.6  0.4  1.2  2.5
 62.601 6.838    2   72   18    7    1 |  96.1 G2   48% 74% |  136  0.32 |  2.0  0.1  1.0  1.6
 69.439 6.850    1   76   15    7    1 |  65.0 C2   73% 76% |  125  0.26 |  3.2  0.7  1.3  3.5
 76.289 6.861    1   69   20    8    1 |  65.3 C2   58% 72% |  140  0.33 |  2.3  0.6  1.9  2.6
 83.151 6.861    1   54   31   11    2 |  96.8 G2   73% 74% |  170  0.71 |  2.9  0.6  1.5  2.0
 90.012 6.861    1   48   31   16    3 |  97.0 G2   67% 68% |  178  0.72 |  2.8  0.3  1.8  2.5
 96.874 6.850    1   47   28   21    4 |  65.8 C2   74% 49% |  192  0.76 |  2.2  0.4  2.2  1.9
103.724 6.861    1   49   29   19    3 |  66.6 C2   52% 58% |  196  0.72 |  2.0  0.6  1.0  1.9
110.585 6.885    3   70   13   12    2 |  96.2 G2   54% 78% |  159  0.33 |  2.6  0.6  1.3  2.9
117.470 6.827    2   67   16   14    2 |  96.1 G2   55% 78% |  159  0.41 |  2.9  0.6  0.9  1.6
124.296 6.850    1   66   12   19    3 |  65.0 C2   74% 72% |  147  0.30 |  2.0  0.3  0.9  2.6
131.146 6.861    1   58   17   21    3 |  65.2 C2   67% 72% |  146  0.33 |  2.6  0.7  1.5  2.5
138.008 6.861    1   41   41   14    3 |  96.8 G2   77% 67% |  182  0.83 |  3.8  0.6  0.7  1.9
144.869 6.861    1   41   34   19    4 |  96.7 G2   57% 65% |  187  0.82 |  3.8  0.4  1.5  2.2
151.731 6.850    0   47   21   27    5 |  65.9 C2   70% 61% |  188  0.63 |  2.6  0.7  1.6  1.6
158.581 6.850    1   42   25   27    5 |  67.0 C2   55% 51% |  202  0.73 |  2.5  0.4  1.2  1.9
165.431 6.873    3   66   16   13    2 |  96.5 G2   59% 74% |  170  0.42 |  2.5  0.6  0.6  3.1
172.304 6.850    2   64   17   15    2 |  95.8 G2   53% 80% |  162  0.42 |  3.1  0.6  0.6  1.5
179.154 6.850    1   59   16   22    3 |  65.6 C2   77% 71% |  151  0.39 |  3.2  0.3  0.4  2.5
186.003 6.850    1   58   19   19    3 |  65.4 C2   70% 77% |  139  0.30 |  3.2  0.4  1.0  2.5
192.853 6.873    1   44   38   14    3 |  96.7 G2   67% 57% |  186  0.90 |  3.5  1.2  1.0  2.0
199.726 6.850    1   50   29   16    3 |  97.0 G2   72% 73% |  177  0.65 |  3.1  0.6  1.8  2.6
206.576 6.861    1   47   25   23    5 |  66.1 C2   76% 59% |  202  0.78 |  3.2  0.6  1.8  1.6
213.438 6.885    1   50   24   20    5 |  66.4 C2   66% 54% |  186  0.58 |  3.0  0.7  1.2  1.7
