# Comptine  grain 5 s  STFT 16384 (0.372 s window)  pitch: YIN 100 ms / 10 ms hop  onsets: per second  subwob: yes
   t(s)  sub bass  lm  mid high | f0Hz note held vcd | cen   h/f | subwob beats depth | low click mid high
  0.000    0   14   64   20    2 |  74.0 D2   81% 24% |  275 49.65 | 0.116  0.41 0.91 |  2.4  0.6  1.8  2.0
  5.000    0   29   53   18    0 |  73.7 D2   89% 32% |  262  3.16 | 0.116  0.41 0.92 |  3.0  0.8  1.6  0.0
 10.000    0    7   65   27    1 |  78.5 D#2  33% 34% |  318 40.61 | 1.184  4.23 0.93 |  2.8  0.6  2.6  2.0
 15.000    0   19   56   25    1 |  74.2 D2   78% 34% |  296  4.99 | 1.161  4.15 0.94 |  3.0  0.2  1.4  1.2
 20.000    0    7   64   28    1 |  75.4 D2   59% 49% |  319 13.85 | 1.138  4.06 0.95 |  2.4  0.6  2.6  2.4
 25.000    0   17   52   31    0 |  74.6 D2   88% 37% |  301  5.64 | 1.115  3.98 0.94 |  3.2  0.8  1.8  1.2
 30.000    0   11   39   50    0 |  74.0 D2   69% 38% |  338 10.76 | 0.116  0.41 0.84 |  2.2  1.0  2.2  2.6
 35.000    0   12   58   30    0 |  74.0 D2   70% 33% |  276  7.32 | 0.116  0.41 0.82 |  3.6  0.6  1.6  0.8
 40.000    0   14   47   39    0 |  73.8 D2   78% 43% |  305  5.04 | 0.116  0.41 0.85 |  2.2  0.8  1.8  0.8
 45.000    0   10   45   44    0 |  73.8 D2   63% 36% |  317 24.64 | 0.116  0.41 0.96 |  3.8  0.8  1.6  0.6
 50.000    0   15   25   59    0 |  74.7 D2   93% 36% |  343  2.98 | 0.116  0.41 0.86 |  3.6  0.6  2.0  2.8
 55.000    0    6   31   62    0 |  75.6 D#2  56% 34% |  387 33.39 | 0.116  0.41 0.74 |  2.4  0.6  2.2  3.6
 60.000    0   15   22   62    0 |  73.8 D2   93% 37% |  361  3.64 | 1.115  3.98 0.82 |  2.6  0.6  1.6  2.2
 65.000    0    7   42   50    0 |  80.2 E2   27% 29% |  277 31.34 | 1.300  4.64 0.94 |  3.8  1.0  2.0  0.8
 70.000    0   13   18   68    0 |  74.2 D2   94% 38% |  296  2.21 | 1.207  4.31 0.92 |  2.6  0.2  3.4  1.6
 75.000    0   14   58   29    0 |  74.5 D2   54% 42% |  267 18.26 | 1.184  4.23 0.89 |  1.6  0.2  2.0  0.2
 80.000    0   13   30   57    0 |  74.0 D2   91% 48% |  292  3.65 | 1.161  4.15 0.88 |  2.8  0.8  3.2  1.2
 85.000    0   11   57   31    0 |  74.3 D2   64% 36% |  274 21.43 | 0.116  0.41 0.77 |  2.2  0.8  2.0  0.6
 90.000    0   27   34   39    0 |  73.7 D2   90% 54% |  279  1.95 | 0.116  0.41 0.82 |  1.8  0.2  2.8  1.0
 95.000    0   14   60   26    0 |  73.8 D2   79% 42% |  283 13.70 | 0.116  0.41 0.85 |  2.8  1.4  2.4  1.0
100.000    0   19   47   34    0 |  73.5 D2   96% 56% |  280  2.83 | 0.116  0.41 0.84 |  2.6  0.4  2.2  1.0
105.000    0   12   48   40    0 |  76.4 D#2  45% 24% |  283 14.30 | 0.116  0.41 0.91 |  2.2  0.8  3.6  2.0
110.000    0   14   23   63    0 |  73.9 D2   86% 36% |  278  2.66 | 0.116  0.41 0.91 |  3.4  0.8  3.0  3.4
115.000    0   10   36   53    0 |  74.6 D2   67% 38% |  268  7.30 | 0.116  0.41 0.85 |  3.2  0.6  2.4  3.0
120.000    0   15   30   55    0 |  74.3 D2   81% 30% |  262  3.73 | 0.116  0.41 0.78 |  2.0  0.8  3.0  2.0
125.000    0    4   69   27    0 |  82.3 E2   37% 25% |  232 29.65 | 0.116  0.41 0.81 |  2.0  0.0  0.6  0.2
130.000    0    0    2   50   48 |  90.8 F#2   0%  2% |  237 30.02 | 0.116  0.41 0.93 |  3.0  0.4  1.4  2.4
135.000    0    0    1   55   44 |   0.0 -     0%  0% |  442 99.00 | 0.116  0.41 0.89 |  2.2  0.0  0.0  0.8
140.000    0    0    1   53   46 |   0.0 -     0%  0% |  433 99.00 | 0.116  0.41 0.83 |  2.4  0.0  0.0  0.4
