# Comptine  grain 3 s  STFT 16384 (0.372 s window)  pitch: YIN 100 ms / 10 ms hop  onsets: per second  subwob: yes
   t(s)  sub bass  lm  mid high | f0Hz note held vcd | cen   h/f | subwob beats depth | low click mid high
  0.000    0    3   81   12    3 |  79.1 D#2  12%  8% |  273 99.00 | 0.116  0.41 0.94 |  2.7  0.7  1.3  3.3
  3.000    0   30   41   29    0 |  73.9 D2   91% 39% |  290  2.13 | 0.116  0.41 0.82 |  2.0  0.3  2.3  0.0
  6.000    0   32   50   18    0 |  73.6 D2   97% 41% |  256  2.19 | 0.116  0.41 0.86 |  3.3  1.0  1.7  0.0
  9.000    0    2   67   31    1 |  80.3 E2   37% 38% |  300 60.14 | 0.116  0.41 0.96 |  2.3  0.7  2.0  1.3
 12.000    0   11   67   21    1 |  75.7 D#2  76% 23% |  295  9.78 | 0.116  0.41 0.93 |  3.3  0.7  2.7  2.0
 15.000    0   19   52   29    1 |  73.9 D2   98% 44% |  317  4.27 | 1.115  3.98 0.95 |  3.3  0.0  1.3  1.7
 18.000    0    7   58   34    1 |  83.6 E2   33% 32% |  289 22.50 | 1.324  4.73 0.92 |  2.3  0.7  3.0  1.7
 21.000    0    8   69   23    1 |  75.2 D2   67% 39% |  320 13.85 | 1.115  3.98 0.96 |  2.3  0.3  1.7  2.3
 24.000    0   15   46   38    0 |  74.9 D2   85% 50% |  316  5.64 | 1.138  4.06 0.96 |  4.0  1.3  2.7  2.0
 27.000    0   21   61   18    0 |  74.2 D2   94% 35% |  278  4.52 | 0.116  0.41 0.86 |  2.3  0.3  1.0  0.3
 30.000    0    4   46   50    0 |  85.1 F2   27% 24% |  357 52.97 | 0.116  0.41 0.83 |  1.7  0.7  3.3  3.0
 33.000    0   22   32   46    0 |  73.5 D2   91% 55% |  311  2.63 | 0.116  0.41 0.89 |  3.7  1.0  0.3  1.7
 36.000    0   12   50   38    0 |  74.2 D2   75% 31% |  271  6.07 | 0.116  0.41 0.93 |  2.7  0.3  1.7  0.7
 39.000    0    7   61   32    0 |  74.5 D2   56% 36% |  297 70.89 | 0.116  0.41 0.72 |  4.0  1.0  1.7  0.7
 42.000    0   16   45   39    0 |  73.6 D2   80% 45% |  321  3.69 | 0.116  0.41 0.86 |  1.3  1.0  2.3  1.0
 45.000    0   18   43   39    0 |  73.7 D2   75% 50% |  303  6.72 | 0.116  0.41 0.97 |  3.3  0.0  0.3  0.0
 48.000    0    6   36   59    0 |  74.5 D2   57% 27% |  376 99.00 | 0.116  0.41 0.80 |  4.7  1.7  3.7  1.7
 51.000    0   14   24   60    1 |  75.0 D2   93% 33% |  341  2.72 | 1.138  4.06 0.86 |  2.7  0.7  1.7  4.0
 54.000    0   12   30   57    0 |  75.0 D2   78% 31% |  369  6.93 | 0.116  0.41 0.88 |  3.3  0.3  1.7  1.7
 57.000    0    4   32   64    0 |  76.6 D#2  41% 36% |  372 72.29 | 0.116  0.41 0.67 |  2.3  0.7  2.3  4.3
 60.000    0   15   20   64    1 |  73.6 D2   90% 29% |  358  3.42 | 1.115  3.98 0.83 |  3.3  1.0  2.3  2.3
 63.000    0   14   26   59    0 |  74.0 D2   85% 46% |  363  6.59 | 0.116  0.41 0.74 |  1.7  0.0  0.3  1.3
 66.000    0    2   53   44    0 |  82.2 E2   62% 25% |  273 57.47 | 0.116  0.41 0.94 |  4.0  1.0  2.0  0.7
 69.000    0   10   22   68    0 |  74.2 D2   92% 39% |  280  3.99 | 1.207  4.31 0.95 |  3.0  1.0  3.7  1.7
 72.000    0   17   18   64    0 |  74.1 D2   95% 35% |  282  1.43 | 1.138  4.06 0.90 |  3.0  0.0  3.3  1.7
 75.000    0   18   55   26    0 |  74.4 D2   61% 40% |  262 10.28 | 0.116  0.41 0.88 |  1.7  0.3  1.7  0.0
 78.000    0    8   38   53    0 |  75.0 D2   50% 40% |  283 17.53 | 1.207  4.31 0.89 |  2.0  0.7  3.0  1.7
 81.000    0   16   36   48    0 |  73.9 D2   92% 52% |  292  3.08 | 0.372  1.33 0.88 |  2.7  0.7  3.3  0.7
 84.000    0   17   42   40    0 |  74.0 D2   99% 44% |  278  4.67 | 0.116  0.41 0.78 |  2.3  0.3  1.3  0.3
 87.000    0    9   62   28    0 |  80.7 E2   42% 33% |  272 65.53 | 0.116  0.41 0.81 |  2.3  1.0  2.7  0.7
 90.000    0   25   33   41    0 |  73.6 D2   89% 52% |  290  1.95 | 0.116  0.41 0.82 |  1.0  0.0  3.3  1.7
 93.000    0   32   43   26    0 |  73.7 D2   94% 67% |  259  1.96 | 0.116  0.41 0.74 |  2.7  0.3  1.3  0.3
 96.000    0    5   71   25    0 |  74.4 D2   52% 22% |  286 80.47 | 0.116  0.41 0.84 |  3.7  2.0  3.0  1.0
 99.000    0   18   46   36    0 |  73.5 D2   92% 51% |  286  2.78 | 0.116  0.41 0.84 |  2.0  1.0  3.0  1.7
102.000    0   22   47   31    0 |  73.6 D2   96% 61% |  272  2.84 | 0.116  0.41 0.63 |  2.7  0.0  1.7  0.3
105.000    0    2   67   31    0 |  80.1 E2   53% 21% |  285 79.62 | 0.116  0.41 0.74 |  2.3  1.0  3.3  0.7
108.000    0   13   19   66    1 |  74.5 D2   93% 33% |  280  1.58 | 0.116  0.41 0.71 |  2.7  0.3  4.0  3.7
111.000    0   19   25   56    0 |  73.8 D2   91% 35% |  277  2.25 | 0.116  0.41 0.74 |  2.7  0.7  2.3  3.0
114.000    0    6   46   47    1 |  84.9 F2   34% 31% |  263 29.89 | 0.116  0.41 0.81 |  4.7  1.0  2.7  4.3
117.000    0   16   26   59    0 |  73.9 D2   92% 43% |  284  2.12 | 0.116  0.41 0.88 |  2.3  0.7  2.7  2.3
120.000    0   13   26   60    0 |  74.2 D2   95% 29% |  274  3.50 | 0.116  0.41 0.72 |  2.0  1.0  3.7  2.7
123.000    0   21   47   32    0 |  76.6 D#2  40% 37% |  260 10.35 | 0.116  0.41 0.80 |  2.0  0.3  1.3  0.7
126.000    0    2   69   29    0 |  91.3 F#2  27% 12% |  220 30.39 | 0.116  0.41 0.73 |  2.3  0.0  1.0  0.3
129.000    0    2   89    9    0 |  83.4 E2   98% 13% |  227 61.36 | 0.116  0.41 0.80 |  2.3  0.0  0.0  0.0
132.000    0    0    1   50   48 |  90.8 F#2   0%  3% |  401 15.34 | 0.116  0.41 0.96 |  3.0  0.7  2.3  4.0
135.000    0    0    1   55   44 |   0.0 -     0%  1% |  442 99.00 | 0.116  0.41 0.87 |  2.3  0.0  0.0  1.3
138.000    0    0    1   54   45 |   0.0 -     0%  0% |  440 99.00 | 0.116  0.41 0.89 |  3.0  0.0  0.0  0.0
141.000    0    0    1   53   46 |   0.0 -     0%  1% |  434 99.00 | 1.300  4.64 0.86 |  2.3  0.0  0.0  0.3
144.000    0    0    2   47   51 |   0.0 -     0%  0% |  429 99.00 | 0.163  0.58 0.44 |  0.0  0.0  0.0  0.3
