# Comptine  grain 8 s  STFT 16384 (0.372 s window)  pitch: YIN 100 ms / 10 ms hop  onsets: per second  subwob: yes
   t(s)  sub bass  lm  mid high | f0Hz note held vcd | cen   h/f | subwob beats depth | low click mid high
  0.000    0   23   56   20    1 |  73.8 D2   89% 27% |  275  4.15 | 0.116  0.41 0.90 |  2.6  0.6  1.9  1.2
  8.000    0   10   64   25    1 |  76.8 D#2  40% 32% |  293 15.05 | 0.116  0.41 0.94 |  3.0  0.6  2.1  1.9
 16.000    0    9   63   27    1 |  75.0 D2   61% 40% |  312 10.58 | 1.161  4.15 0.95 |  2.5  0.4  2.0  1.5
 24.000    0   10   56   34    0 |  74.9 D2   77% 37% |  301  8.20 | 0.116  0.41 0.94 |  2.9  0.9  2.1  1.6
 32.000    0   15   37   48    0 |  73.8 D2   78% 39% |  298  5.99 | 0.116  0.41 0.87 |  3.1  0.8  1.6  1.4
 40.000    0   15   46   39    0 |  73.8 D2   77% 46% |  303  5.96 | 0.116  0.41 0.93 |  2.6  0.5  1.2  0.5
 48.000    0   12   28   59    0 |  74.9 D2   80% 28% |  358  7.25 | 0.116  0.41 0.88 |  3.8  0.9  2.4  2.4
 56.000    0   10   28   61    0 |  74.3 D2   70% 36% |  367  8.99 | 0.116  0.41 0.85 |  2.5  0.8  2.1  3.1
 64.000    0    9   29   61    0 |  74.6 D2   67% 35% |  287 13.50 | 1.277  4.56 0.93 |  3.1  0.8  2.1  1.1
 72.000    0   15   38   47    0 |  74.2 D2   68% 40% |  272  4.93 | 1.161  4.15 0.89 |  2.1  0.1  2.5  0.8
 80.000    0   12   34   53    0 |  74.1 D2   82% 45% |  286  5.07 | 0.116  0.41 0.84 |  2.5  0.8  2.6  1.0
 88.000    0   22   44   34    0 |  73.7 D2   88% 51% |  276  2.44 | 0.116  0.41 0.83 |  2.0  0.4  2.4  0.9
 96.000    0   15   52   33    0 |  73.6 D2   85% 44% |  285  4.38 | 0.116  0.41 0.84 |  2.8  1.1  2.8  1.1
104.000    0   12   30   57    0 |  74.4 D2   73% 30% |  281  5.17 | 0.116  0.41 0.88 |  2.5  0.5  3.2  2.2
112.000    0   14   35   50    0 |  74.1 D2   71% 37% |  268  4.04 | 0.116  0.41 0.87 |  3.4  0.9  2.5  3.0
120.000    0   14   32   53    0 |  74.6 D2   64% 27% |  258  8.60 | 0.116  0.41 0.82 |  2.1  0.5  2.1  1.2
128.000    0    0    6   51   44 |  83.8 E2   62%  8% |  243 44.66 | 0.116  0.41 0.93 |  2.6  0.2  1.0  1.6
136.000    0    0    1   54   45 |  61.6 B1   100%  0% |  438 99.00 | 0.116  0.41 0.88 |  2.5  0.0  0.0  0.6
144.000    0    0    2   47   51 |   0.0 -     0%  0% |  429 99.00 | 0.163  0.58 0.44 |  0.0  0.0  0.0  0.1
