# Comptine  grain 4bar (32 slices, bar-synchronous on the 215.33 bpm grid)  STFT 16384
   t(s)   dur  sub bass  lm  mid high | f0Hz note held vcd | cen   h/f | low click mid high
  0.580 4.377    0   14   64   21    1 |  73.9 D2   82% 26% |  274 15.65 |  1.8  0.7  2.1  1.8
  4.957 4.365    0   31   50   19    0 |  73.7 D2   95% 34% |  264  2.42 |  3.2  0.7  1.6  0.0
  9.323 4.400    0    4   66   30    1 |  80.5 E2   31% 31% |  309 54.86 |  2.3  0.7  2.7  2.0
 13.723 4.447    0   18   58   24    1 |  74.1 D2   96% 40% |  313  4.92 |  3.6  0.2  1.4  1.4
 18.170 4.470    0    7   64   28    1 |  82.2 E2   28% 34% |  296 25.62 |  2.5  0.5  2.9  2.0
 22.639 4.458    0   12   56   31    1 |  74.7 D2   82% 49% |  329  6.29 |  3.6  1.1  2.0  2.0
 27.098 4.447    0    9   72   19    0 |  74.9 D2   69% 30% |  293 12.65 |  2.2  0.7  1.8  1.4
 31.544 4.342    0   15   29   56    0 |  73.6 D2   88% 46% |  348  4.88 |  2.5  0.7  1.4  2.1
 35.886 4.470    0    8   63   30    0 |  75.2 D2   52% 29% |  279 13.81 |  3.4  0.9  2.0  0.7
 40.356 4.458    0   15   45   40    0 |  73.7 D2   83% 45% |  309  3.65 |  2.2  0.7  1.8  0.9
 44.815 4.516    0   12   45   43    0 |  73.8 D2   63% 40% |  310 17.15 |  3.3  0.2  1.3  0.0
 49.331 4.493    0   12   25   62    0 |  74.5 D2   90% 33% |  361  5.74 |  3.8  1.3  2.5  3.6
 53.824 4.470    0   10   34   56    0 |  75.9 D#2  49% 28% |  363 11.79 |  2.9  0.5  1.6  2.7
 58.294 4.447    0   12   21   67    0 |  74.1 D2   80% 36% |  375  4.79 |  2.7  0.9  2.7  3.1
 62.740 4.528    0   13   30   56    0 |  74.2 D2   75% 35% |  342 12.80 |  2.2  0.2  0.7  0.9
 67.268 4.470    0    7   29   63    0 |  74.8 D2   65% 36% |  279  9.41 |  3.8  0.9  3.1  1.6
 71.738 4.505    0   19   25   56    0 |  74.0 D2   96% 35% |  266  1.71 |  2.9  0.2  2.7  1.1
 76.243 4.470    0    7   45   48    0 |  79.6 D#2  32% 39% |  282 37.18 |  1.6  0.5  2.7  0.9
 80.713 4.389    0   16   35   49    0 |  73.9 D2   94% 52% |  291  3.33 |  2.7  0.7  3.0  0.7
 85.101 4.447    0    8   62   29    0 |  75.0 D2   58% 35% |  274 28.54 |  2.5  0.9  1.8  0.7
 89.548 4.505    0   28   33   39    0 |  73.7 D2   90% 54% |  283  1.57 |  1.1  0.0  2.9  1.1
 94.052 4.470    0   11   67   21    0 |  73.9 D2   80% 40% |  273 25.27 |  3.4  1.6  2.5  0.9
 98.522 4.412    0   20   47   33    0 |  73.5 D2   93% 59% |  288  2.77 |  2.3  0.7  2.3  1.1
102.934 4.458    0   11   55   34    0 |  74.0 D2   70% 35% |  282  8.99 |  2.7  0.5  2.7  0.5
107.392 4.505    0   13   21   65    1 |  74.5 D2   85% 28% |  278  1.90 |  2.2  0.4  4.0  3.8
111.897 4.563    0   14   38   48    0 |  74.1 D2   60% 36% |  266  6.57 |  4.0  1.1  2.6  3.5
116.460 4.563    0   13   25   61    0 |  74.0 D2   86% 39% |  279  2.71 |  2.4  0.7  2.6  2.6
121.022 4.435    0   17   39   43    0 |  74.6 D2   69% 34% |  261  5.25 |  2.5  0.7  2.5  1.4
125.457 4.435    0    3   74   24    0 |  83.4 E2   54% 20% |  230 32.02 |  1.8  0.0  0.7  0.2
129.892 4.458    0    0    5   48   47 |  90.8 F#2   0%  2% |  215 15.67 |  2.9  0.5  1.6  2.2
134.351 4.470    0    0    1   55   44 |  62.0 B1   100%  0% |  440 99.00 |  2.2  0.0  0.0  1.3
138.820 4.458    0    0    1   53   45 |  61.6 B1   100%  0% |  436 99.00 |  2.9  0.0  0.0  0.2
