# Comptine  grain beat (517 slices, bar-synchronous on the 215.33 bpm grid)  STFT 4096
   t(s)   dur  sub bass  lm  mid high | f0Hz note held vcd | cen   h/f | low click mid high
  0.023 0.279    0    1   50   24   25 |   0.0 -     0%  0% |  302 12.99 |  3.6  0.0  0.0  3.6
  0.302 0.279    0    0   70   13   17 |   0.0 -     0%  0% |  293 99.00 |  7.2  0.0  0.0  3.6
  0.580 0.279    0    0   60   23   16 |   0.0 -     0%  0% |  267 99.00 |  0.0  0.0  0.0  3.6
  0.859 0.279    0    1   71   18   10 |  81.9 E2   86% 25% |  251 99.00 |  3.6  0.0  0.0  3.6
  1.138 0.267    0    0   89    9    2 |   0.0 -     0%  0% |  280 99.00 |  3.7  0.0  0.0  7.5
  1.405 0.267    0    1   71   27    1 | 108.9 A2   100% 11% |  290 99.00 |  0.0  0.0  0.0  3.7
  1.672 0.279    0    1   96    3    0 |   0.0 -     0%  4% |  273 99.00 |  3.6  3.6  3.6  7.2
  1.950 0.279    0    0   91    8    0 |   0.0 -     0%  0% |  274 99.00 |  0.0  0.0  3.6  3.6
  2.229 0.279    0    1   90    9    0 |   0.0 -     0%  0% |  270 99.00 |  3.6  3.6  7.2  0.0
  2.508 0.279    0    1   81   18    0 |   0.0 -     0%  0% |  270 99.00 |  0.0  0.0  0.0  0.0
  2.786 0.279    0   26   57   17    0 |  74.1 D2   90% 71% |  238  2.70 |  3.6  0.0  0.0  0.0
  3.065 0.279    0   23   60   17    0 |  73.8 D2   100% 82% |  229  3.09 |  0.0  0.0  3.6  0.0
  3.344 0.279    0   14   68   18    0 |  74.0 D2   100% 75% |  264  6.63 |  0.0  0.0  3.6  0.0
  3.622 0.267    0    7   62   31    0 |  75.4 D2   100% 19% |  306 12.62 |  0.0  0.0  0.0  0.0
  3.889 0.267    0   18   51   31    0 |  73.4 D2   71% 26% |  304  4.59 |  0.0  0.0  3.7  0.0
  4.156 0.267    0   19   57   25    0 |  73.7 D2   90% 37% |  259  4.01 |  3.7  0.0  3.7  0.0
  4.423 0.267    0    7   53   40    0 |  72.7 D2   100% 41% |  336 14.04 |  3.7  3.7  3.7  0.0
  4.690 0.267    0    3   58   39    0 |  74.9 D2   88% 31% |  339 36.36 |  3.7  0.0  0.0  0.0
  4.957 0.267    0   28   39   33    0 | 104.9 G#2  100% 11% |  274  2.48 |  7.5  0.0  0.0  0.0
  5.224 0.267    0   24   57   19    0 |  74.8 D2   100% 48% |  238  2.91 |  0.0  0.0  3.7  0.0
  5.492 0.267    0   12   68   20    0 |  73.9 D2   100% 33% |  294  7.58 |  3.7  0.0  3.7  0.0
  5.759 0.267    0    8   72   21    0 |   0.0 -     0%  0% |  296 11.46 |  0.0  0.0  0.0  0.0
  6.026 0.267    0   14   60   26    0 |  74.0 D2   100% 48% |  293  6.33 |  3.7  3.7  3.7  0.0
  6.293 0.267    0   18   60   21    0 |  73.8 D2   100% 48% |  252  4.09 |  3.7  3.7  3.7  0.0
  6.560 0.279    0    8   66   26    0 |  73.3 D2   100% 14% |  308 11.94 |  3.6  0.0  0.0  0.0
  6.838 0.290    0    4   69   27    0 |   0.0 -     0%  0% |  313 23.65 |  0.0  0.0  0.0  0.0
  7.129 0.279    0   32   60    8    0 |  73.8 D2   100% 32% |  176  1.86 |  7.2  0.0  0.0  0.0
  7.407 0.279    0   27   66    6    0 |  73.6 D2   100% 79% |  188  2.56 |  3.6  0.0  3.6  0.0
  7.686 0.267    0   22   68   10    0 |  73.3 D2   100% 48% |  229  3.60 |  3.7  0.0  0.0  0.0
  7.953 0.279    0   10   74   16    0 | 108.1 A2    0% 29% |  256  9.74 |  0.0  0.0  3.6  0.0
  8.231 0.267    0   17   61   22    0 |  73.1 D2   100% 46% |  250  5.05 |  3.7  0.0  0.0  0.0
  8.499 0.279    0    8   81   11    0 |  73.7 D2   100% 100% |  245 13.07 |  7.2  3.6  3.6  0.0
  8.777 0.267    0    4   81   15    0 |   0.0 -     0%  4% |  286 23.95 |  0.0  0.0  0.0  0.0
  9.044 0.279    0    2   87   11    0 |   0.0 -     0%  0% |  262 54.01 |  3.6  0.0  0.0  0.0
  9.323 0.267    0    1   91    8    0 |   0.0 -     0%  0% |  236 99.00 |  0.0  0.0  0.0  0.0
  9.590 0.267    0   13   83    4    0 |  77.0 D#2  86% 27% |  247 17.47 |  3.7  3.7  3.7  0.0
  9.857 0.267    0    2   95    2    0 |  79.2 D#2  55% 41% |  254 40.48 |  3.7  0.0  0.0  0.0
 10.124 0.279    0    1   83   15    0 |  77.9 D#2  58% 68% |  328 77.34 |  3.6  0.0  3.6  0.0
 10.403 0.279    0    1   81   17    1 |  86.2 F2   80% 36% |  372 99.00 |  3.6  3.6  3.6  3.6
 10.681 0.279    0    0   58   41    1 |  86.2 F2   100% 25% |  367 99.00 |  0.0  0.0  3.6  3.6
 10.960 0.279    0    1   19   79    1 | 111.7 A2   25% 29% |  469 99.00 |  3.6  0.0  3.6  7.2
 11.238 0.279    0    3   50   47    0 |  78.5 D#2  65% 82% |  389 42.01 |  3.6  0.0  0.0  0.0
 11.517 0.279    0    2   81   17    0 |  80.6 E2   57% 100% |  252 41.16 |  0.0  0.0  0.0  0.0
 11.796 0.267    0    1   93    6    0 |   0.0 -     0%  4% |  294 99.00 |  0.0  0.0  7.5  0.0
 12.063 0.279    0    1   93    6    0 |  92.7 F#2  83% 22% |  270 99.00 |  3.6  0.0  0.0  0.0
 12.341 0.279    0   17   72   11    0 |   0.0 -     0%  4% |  241  3.44 |  3.6  0.0  0.0  0.0
 12.620 0.279    0   22   66   12    0 |  76.7 D#2  100% 36% |  229  2.69 |  3.6  3.6  3.6  0.0
 12.899 0.279    0    4   75   19    3 |   0.0 -     0%  0% |  363 27.14 |  0.0  0.0  7.2  7.2
 13.177 0.279    0    2   74   23    1 |   0.0 -     0%  0% |  345 36.63 |  3.6  0.0  3.6  7.2
 13.456 0.267    0    0   50   48    1 | 117.2 A#2  83% 22% |  405 99.00 |  0.0  0.0  3.7  3.7
 13.723 0.279    0    4   86   10    0 |  76.7 D#2  100% 18% |  373 26.00 |  7.2  0.0  0.0  0.0
 14.002 0.279    0   12   75   14    0 |  74.4 D2   100% 93% |  303  6.72 |  3.6  0.0  0.0  0.0
 14.280 0.279    0    7   71   22    0 |  75.7 D#2  100% 36% |  290 11.28 |  3.6  0.0  3.6  3.6
 14.559 0.279    0    4   72   23    0 |   0.0 -     0%  4% |  301 27.04 |  7.2  3.6  3.6  0.0
 14.838 0.279    0   25   57   18    0 |  74.9 D2   100% 61% |  248  2.90 |  3.6  0.0  0.0  0.0
 15.116 0.279    0   10   80    9    1 |  74.8 D2   100% 33% |  301 10.01 |  3.6  0.0  3.6  7.2
 15.395 0.279    0    7   76   15    3 |   0.0 -     0%  4% |  319 12.14 |  3.6  0.0  0.0  0.0
 15.673 0.279    0    2   30   67    1 |   0.0 -     0%  4% |  414 39.79 |  3.6  0.0  3.6 10.8
 15.952 0.267    0    5   26   69    1 |  75.6 D#2  100%  7% |  424 13.56 |  0.0  0.0  0.0  0.0
 16.219 0.279    0   14   39   48    0 |  74.6 D2   100% 86% |  317  5.72 |  3.6  0.0  3.6  0.0
 16.498 0.279    0   10   59   31    0 |  73.9 D2   100% 100% |  319  9.42 |  0.0  0.0  0.0  0.0
 16.776 0.279    0    8   53   39    0 |  73.5 D2   100% 43% |  342 12.46 |  3.6  0.0  0.0  0.0
 17.055 0.279    0   18   53   29    0 |  73.4 D2   75% 14% |  251  3.49 |  3.6  0.0  0.0  0.0
 17.334 0.279    0   17   70   13    0 |  73.5 D2   100% 82% |  235  3.56 |  3.6  0.0  3.6  0.0
 17.612 0.279    0    5   88    7    0 |  73.7 D2   100% 54% |  288 16.95 |  3.6  0.0  0.0  0.0
 17.891 0.279    0    3   79   18    0 |   0.0 -     0%  0% |  318 28.87 |  3.6  0.0  0.0  0.0
 18.170 0.279    0    8   74   18    0 |   0.0 -     0%  4% |  308 57.97 |  3.6  0.0  0.0  0.0
 18.448 0.279    0   23   61   16    0 |  77.2 D#2  100% 48% |  235  3.22 |  3.6  3.6  3.6  0.0
 18.727 0.279    0   17   67   16    0 |   0.0 -     0%  0% |  226  4.06 |  3.6  0.0  3.6  0.0
 19.006 0.279    0    9   76   15    0 |   0.0 -     0%  0% |  270  9.14 |  0.0  0.0  0.0  0.0
 19.284 0.279    0    4   85   11    0 |  89.5 F2   86% 25% |  258 25.93 |  0.0  0.0  0.0  0.0
 19.563 0.279    0    4   91    5    0 |  85.8 F2   67% 11% |  293 25.42 |  3.6  0.0  3.6  3.6
 19.841 0.279    0    3   91    6    0 |  81.4 E2   92% 86% |  276 28.45 |  3.6  0.0  3.6  0.0
 20.120 0.279    0    1   72   24    3 |  82.9 E2   100% 57% |  335 99.00 |  0.0  0.0  7.2  3.6
 20.399 0.279    0    0   74   25    1 |  97.4 G2   40% 36% |  361 99.00 |  0.0  0.0  3.6  3.6
 20.677 0.279    0    0   20   78    1 | 102.2 G#2  67% 75% |  460 99.00 |  7.2  3.6  7.2  7.2
 20.956 0.279    0    2   41   56    0 |  80.4 E2   86% 25% |  373 58.99 |  0.0  0.0  0.0  0.0
 21.235 0.279    0    1   80   19    0 |  85.7 F2   67% 11% |  290 99.00 |  0.0  0.0  7.2  3.6
 21.513 0.279    0    0   87   12    1 |   0.0 -     0%  4% |  306 99.00 |  3.6  0.0  0.0  3.6
 21.792 0.290    0    1   78   21    0 | 116.3 A#2  100% 28% |  304 99.00 |  6.9  0.0  0.0  3.5
 22.082 0.279    0   21   60   19    0 |  75.2 D2   100% 54% |  258  2.98 |  3.6  0.0  0.0  0.0
 22.361 0.279    0    7   70   21    2 |  75.2 D2   91% 79% |  286  7.83 |  0.0  0.0  7.2  3.6
 22.639 0.279    0    4   70   24    2 |  79.5 D#2  80% 18% |  355 24.99 |  0.0  0.0  0.0  3.6
 22.918 0.279    0    1   74   24    1 |  79.8 D#2  92% 44% |  367 90.86 |  0.0  0.0  0.0  7.2
 23.197 0.279    0    2   72   25    1 |  73.7 D2   100% 18% |  378 29.86 |  7.2  0.0  0.0  0.0
 23.475 0.279    0   11   71   18    0 |  73.7 D2   100% 93% |  310  7.50 |  0.0  0.0  0.0  0.0
 23.754 0.279    0   12   53   35    0 |  73.9 D2   100% 57% |  329  7.26 |  3.6  3.6  3.6  0.0
 24.033 0.279    0    6   64   30    0 |  73.9 D2   100% 57% |  316 15.10 |  3.6  0.0  0.0  0.0
 24.311 0.279    0   10   66   24    0 |  75.9 D#2  93% 50% |  291 18.33 |  0.0  0.0  0.0  3.6
 24.590 0.279    0   28   64    9    0 |  74.5 D2   100% 96% |  208  2.56 |  3.6  0.0  3.6  0.0
 24.869 0.279    0    8   85    6    0 |  75.0 D2   100% 68% |  300 12.32 |  3.6  3.6  7.2  3.6
 25.147 0.279    0    5   78   16    1 |  73.8 D2   100% 25% |  316 18.72 |  0.0  0.0  0.0  0.0
 25.426 0.279    0    1   26   73    0 | 115.2 A#2  100%  7% |  429 99.00 | 10.8  3.6  7.2  3.6
 25.704 0.279    0    7   22   71    0 |  74.2 D2   100% 29% |  404 13.05 |  7.2  3.6  0.0  3.6
 25.983 0.279    0   17   51   31    0 |  75.0 D2   96% 93% |  262  3.87 |  3.6  3.6  3.6  0.0
 26.262 0.279    0    5   62   32    0 |  73.8 D2   100% 29% |  333 17.53 |  3.6  0.0  7.2  7.2
 26.540 0.279    0    3   57   40    0 |  80.1 E2   100% 15% |  338 34.55 |  3.6  0.0  0.0  0.0
 26.819 0.279    0   17   50   33    0 |  75.8 D#2  56% 89% |  316  4.57 |  7.2  0.0  0.0  0.0
 27.098 0.279    0   15   62   23    0 |  75.3 D2   100% 50% |  286  5.55 |  0.0  0.0  3.6  0.0
 27.376 0.279    0   11   74   14    0 |  74.6 D2   100% 79% |  293  8.11 |  0.0  0.0  0.0  0.0
 27.655 0.279    0    5   75   20    0 |  76.3 D#2  100% 32% |  315 16.70 |  3.6  0.0  0.0  0.0
 27.934 0.279    0    7   80   13    0 |  73.8 D2   100% 21% |  275 32.88 |  0.0  0.0  0.0  0.0
 28.212 0.279    0   14   73   13    0 |  73.6 D2   100% 54% |  253  6.35 |  3.6  0.0  0.0  0.0
 28.491 0.279    0   12   77   11    0 |  73.8 D2   100% 75% |  236  6.25 |  3.6  0.0  0.0  0.0
 28.770 0.279    0    6   77   17    0 |  73.6 D2   100% 21% |  303 15.50 |  0.0  0.0  0.0  0.0
 29.048 0.279    0    1   80   18    0 |   0.0 -     0%  0% |  284 79.62 |  0.0  0.0  0.0  0.0
 29.327 0.290    0    6   59   35    0 |   0.0 -     0%  0% |  250 13.49 |  6.9  3.5  3.5  3.5
 29.617 0.279    0    7   60   33    0 |   0.0 -     0%  4% |  273  9.52 |  3.6  0.0  0.0  0.0
 29.896 0.279    0    3   78   19    0 |  95.1 F#2  62% 29% |  268 30.95 |  3.6  0.0  3.6  0.0
 30.174 0.267    0    1   90    8    0 |  89.6 F2   50% 30% |  286 99.00 |  0.0  0.0  3.7  0.0
 30.441 0.279    0    1   23   76    0 |  80.6 E2   40% 19% |  422 99.00 |  3.6  3.6  3.6  3.6
 30.720 0.267    0    1   83   16    0 |   0.0 -     0%  0% |  309 99.00 |  0.0  0.0  7.5  7.5
 30.987 0.279    0    1   84   15    0 |  85.6 F2   100% 21% |  292 99.00 |  7.2  3.6  3.6  3.6
 31.266 0.279    0    1   89   10    1 |  88.2 F2   71% 50% |  301 99.00 |  0.0  0.0  0.0  3.6
 31.544 0.279    0    1   80   19    0 |  85.6 F2   100% 14% |  282 99.00 |  0.0  0.0  0.0  0.0
 31.823 0.267    0    3    9   88    1 |  74.9 D2   100% 41% |  540 32.61 |  0.0  0.0  3.7  3.7
 32.090 0.267    0    7   24   69    0 |  75.4 D2   100% 56% |  454 13.29 |  0.0  0.0  3.7  3.7
 32.357 0.267    0    5   45   49    1 |  72.8 D2   100% 12% |  368 20.36 |  0.0  0.0  7.5  3.7
 32.624 0.267    0    1   28   70    0 |   0.0 -     0%  4% |  423 71.19 |  0.0  0.0  0.0  0.0
 32.891 0.279    0    8   38   54    0 | 139.0 C#3  14% 25% |  405 12.88 |  7.2  0.0  3.6  3.6
 33.170 0.267    0   14   55   31    0 |  73.6 D2   73% 96% |  318  5.64 |  3.7  3.7  0.0  0.0
 33.437 0.267    0   11   45   43    0 |  73.2 D2   100% 52% |  351  7.33 |  0.0  0.0  0.0  3.7
 33.704 0.279    0    5   53   42    0 |  73.5 D2   100% 52% |  347 17.36 |  0.0  0.0  0.0  0.0
 33.982 0.279    0    5   11   83    0 |  73.5 D2   94% 57% |  267  3.00 |  3.6  0.0  0.0  3.6
 34.261 0.267    0   19   46   35    0 |  73.6 D2   100% 93% |  256  3.18 |  3.7  3.7  0.0  3.7
 34.528 0.267    0   11   55   34    0 |  73.8 D2   100% 48% |  322  7.03 |  3.7  0.0  3.7  3.7
 34.795 0.267    0    4   20   76    0 |  73.7 D2   60% 19% |  421 23.05 |  7.5  3.7  0.0  0.0
 35.062 0.267    0   13   50   37    0 |  73.2 D2   60% 19% |  308  6.69 |  7.5  0.0  0.0  3.7
 35.329 0.279    0   13   64   23    0 |  73.5 D2   100% 61% |  262  5.86 |  0.0  0.0  0.0  0.0
 35.608 0.279    0    6   78   15    0 |  73.6 D2   100% 86% |  276 14.59 |  3.6  0.0  0.0  0.0
 35.886 0.279    0    4   71   25    0 |  74.4 D2   100% 57% |  302 24.28 |  7.2  0.0  0.0  0.0
 36.165 0.290    0    5   16   79    0 |  77.5 D#2  40% 17% |  241  3.91 |  0.0  0.0  0.0  3.5
 36.455 0.279    0    9   64   26    0 |  74.1 D2   100% 21% |  235  8.69 |  3.6  0.0  3.6  0.0
 36.734 0.279    0    6   76   18    0 |  74.0 D2   100% 43% |  274 14.48 |  0.0  0.0  3.6  3.6
 37.013 0.279    0    2   38   60    0 |   0.0 -     0%  4% |  347 61.89 |  3.6  0.0  0.0  0.0
 37.291 0.279    0   12   54   34    0 | 140.7 C#3  64% 39% |  298  7.33 |  3.6  0.0  3.6  0.0
 37.570 0.279    0    9   74   17    0 |  73.7 D2   94% 61% |  250 10.31 |  0.0  0.0  0.0  0.0
 37.849 0.279    0    7   77   16    0 |  74.6 D2   100% 54% |  271 13.35 |  7.2  3.6  3.6  0.0
 38.127 0.279    0    3   81   16    0 |   0.0 -     0%  0% |  271 40.25 |  3.6  0.0  0.0  0.0
 38.406 0.279    0    5   60   35    0 |  86.2 F2    0%  7% |  271 54.04 |  3.6  0.0  0.0  0.0
 38.684 0.279    0    1   80   18    0 |  81.0 E2   100% 32% |  259 60.97 |  0.0  0.0  3.6  0.0
 38.963 0.279    0    1   89   10    0 |  89.3 F2   80% 18% |  254 99.00 |  3.6  0.0  3.6  0.0
 39.242 0.279    0    0   73   27    0 |  82.5 E2   67% 32% |  284 99.00 |  3.6  3.6  3.6  3.6
 39.520 0.279    0    1   86   13    0 |   0.0 -     0%  0% |  319 99.00 |  3.6  0.0  0.0  0.0
 39.799 0.279    0    0   88   12    0 |  80.0 D#2  89% 64% |  301 99.00 |  7.2  3.6  3.6  0.0
 40.078 0.279    0    1   88   11    0 |  83.5 E2   83% 21% |  289 99.00 |  3.6  3.6  3.6  0.0
 40.356 0.279    0    1   89   10    0 |   0.0 -     0%  0% |  272 99.00 |  0.0  0.0  0.0  0.0
 40.635 0.279    0    6   56   38    0 |  74.9 D2   50% 29% |  264 83.36 |  3.6  0.0  0.0  0.0
 40.914 0.279    0   16   48   36    0 |  74.2 D2   100% 75% |  286  4.54 |  3.6  0.0  0.0  0.0
 41.192 0.279    0   16   63   21    0 |  73.9 D2   100% 79% |  249  4.28 |  3.6  0.0  0.0  0.0
 41.471 0.279    0    2   24   73    0 |  73.9 D2   100% 36% |  518 51.08 |  7.2  0.0  3.6  3.6
 41.749 0.279    0    7   40   53    0 |  93.1 F#2   0% 36% |  344  6.38 |  3.6  0.0  0.0  0.0
 42.028 0.279    0   13   45   41    0 |  73.8 D2   64% 39% |  333  7.17 |  0.0  0.0  3.6  0.0
 42.307 0.279    0    7   65   28    0 | 134.3 C3   42% 43% |  292 14.72 |  0.0  0.0  3.6  3.6
 42.585 0.279    0    2   74   24    0 |  73.3 D2   100% 11% |  279 42.22 |  3.6  3.6  0.0  3.6
 42.864 0.279    0    7   31   62    0 |  74.4 D2   67% 21% |  357  5.27 |  0.0  0.0  0.0  0.0
 43.143 0.279    0   14   36   50    0 |  73.6 D2   100% 74% |  314  4.91 |  0.0  0.0  3.6  0.0
 43.421 0.279    0   11   69   20    0 |  73.6 D2   100% 100% |  288  8.87 |  0.0  0.0  3.6  0.0
 43.700 0.279    0    3   38   59    0 |  74.0 D2   78% 32% |  465 40.19 |  7.2  3.6  3.6  0.0
 43.979 0.279    0   10   48   42    0 | 127.9 C3   27% 39% |  376 10.31 |  0.0  0.0  0.0  0.0
 44.257 0.279    0   13   61   26    0 |  73.5 D2   96% 89% |  261  5.92 |  3.6  3.6  7.2  3.6
 44.536 0.279    0    4   56   39    0 |  73.5 D2   86% 25% |  356 21.95 |  0.0  0.0  0.0  0.0
 44.815 0.279    0    2   51   46    0 |   0.0 -     0%  0% |  385 47.72 |  3.6  0.0  0.0  0.0
 45.093 0.279    0    8   33   59    0 |  73.2 D2   100% 32% |  309  6.09 |  7.2  0.0  0.0  0.0
 45.372 0.279    0   17   60   24    0 |  73.5 D2   81% 75% |  249  4.58 |  3.6  0.0  0.0  0.0
 45.650 0.279    0   20   56   24    0 |  73.5 D2   100% 100% |  255  3.74 |  0.0  0.0  0.0  0.0
 45.929 0.279    0    5   29   65    0 |  73.8 D2   100% 79% |  453 17.50 |  7.2  0.0  0.0  0.0
 46.208 0.279    0    9   70   21    0 |  73.7 D2   59% 61% |  308 11.63 |  3.6  0.0  0.0  0.0
 46.486 0.290    0    8   70   23    0 |  73.9 D2   100% 69% |  289 11.71 |  3.5  0.0  0.0  0.0
 46.777 0.279    0    5   70   25    0 |  74.6 D2   100% 21% |  302 18.92 |  3.6  0.0  0.0  0.0
 47.055 0.290    0    2   81   17    0 |   0.0 -     0%  3% |  243 52.53 |  0.0  0.0  0.0  0.0
 47.345 0.279    0    3   70   26    0 |   0.0 -     0%  0% |  252 95.91 |  3.6  0.0  0.0  0.0
 47.624 0.279    0    2   56   42    0 |  81.9 E2   56% 57% |  305 48.12 |  0.0  0.0  3.6  0.0
 47.903 0.279    0    1   27   72    0 |  84.9 F2   60% 54% |  439 99.00 |  0.0  0.0  3.6  0.0
 48.181 0.290    0    1   56   43    0 |  87.1 F2   100%  7% |  328 99.00 |  6.9  3.5  6.9  0.0
 48.472 0.290    0    0   33   67    0 | 105.6 G#2  67% 10% |  400 99.00 |  3.5  0.0  0.0  0.0
 48.762 0.290    0    1   57   42    0 | 106.8 G#2  70% 34% |  324 99.00 |  6.9  0.0  0.0  0.0
 49.052 0.279    0    0   62   38    0 |  81.0 E2   78% 32% |  276 99.00 |  0.0  0.0  7.2  0.0
 49.331 0.290    0    0   51   48    0 |   0.0 -     0%  0% |  363 99.00 |  6.9  3.5  3.5  6.9
 49.621 0.290    0    1   45   54    0 |   0.0 -     0%  0% |  383 99.00 |  6.9  6.9  3.5  3.5
 49.911 0.290    0   10   29   61    0 |  73.9 D2   100% 62% |  366  8.53 |  3.5  0.0  0.0  0.0
 50.202 0.290    0   10   27   63    0 |  74.1 D2   100% 93% |  372  7.62 |  6.9  0.0  6.9  0.0
 50.492 0.279    0    3   22   75    0 | 136.4 C#3  60% 18% |  474 32.05 |  0.0  0.0  3.6  3.6
 50.770 0.279    0    1   30   69    0 |   0.0 -     0%  4% |  396 78.92 |  7.2  3.6  3.6  3.6
 51.049 0.279    0   10   36   54    0 | 141.8 C#3  80% 18% |  317  6.15 |  0.0  0.0  3.6  3.6
 51.328 0.267    0   12   35   52    0 |  73.9 D2   100% 96% |  294  4.64 |  3.7  0.0  0.0  3.7
 51.595 0.279    0    4   15   81    0 |   0.0 -     0%  4% |  449 20.90 |  0.0  0.0 10.8  7.2
 51.873 0.279    0    1   22   77    1 |   0.0 -     0%  0% |  433 86.42 |  3.6  3.6  0.0  7.2
 52.152 0.279    0   12   37   50    1 |  75.1 D2   100% 67% |  349  6.50 |  7.2  3.6  0.0  3.6
 52.431 0.279    0    8   37   53    1 |  75.8 D#2  100% 36% |  300  5.88 |  3.6  0.0  0.0  3.6
 52.709 0.279    0    3   35   61    1 |   0.0 -     0%  0% |  349 17.01 |  0.0  0.0  0.0  7.2
 52.988 0.279    0    1   41   57    1 |   0.0 -     0%  4% |  353 34.17 |  3.6  0.0  0.0  0.0
 53.267 0.279    0    8   29   63    0 |  74.8 D2   100% 46% |  278  4.31 |  3.6  0.0  0.0  3.6
 53.545 0.279    0   12   36   52    0 |  75.6 D#2  100% 79% |  311  5.08 |  3.6  0.0  3.6  0.0
 53.824 0.290    0   12   62   26    0 |   0.0 -     0%  3% |  272  6.52 |  6.9  0.0  0.0  3.5
 54.114 0.290    0    5   76   19    0 |   0.0 -     0%  0% |  329 22.67 |  3.5  0.0  0.0  0.0
 54.404 0.290    0   15   30   55    0 |  75.2 D2   100% 34% |  311  4.35 |  3.5  0.0  0.0  0.0
 54.695 0.279    0   14   35   51    0 |  75.6 D#2  100% 75% |  293  4.51 |  3.6  0.0  0.0  0.0
 54.973 0.279    0    5   31   64    0 |  74.3 D2   100%  7% |  401 14.64 |  0.0  0.0  3.6  3.6
 55.252 0.279    0    2   35   63    0 |   0.0 -     0%  0% |  376 48.80 |  3.6  0.0  0.0  0.0
 55.531 0.279    0    8   27   64    0 | 141.7 C#3  100%  7% |  364  8.38 |  3.6  0.0  3.6  3.6
 55.809 0.267    0    5   26   69    0 |  73.8 D2   100% 59% |  428 15.59 |  3.7  0.0  3.7  3.7
 56.076 0.279    0    4   34   61    0 |  73.8 D2   100% 71% |  367 24.29 |  0.0  0.0  3.6  3.6
 56.355 0.279    0    2   51   47    1 |  76.9 D#2  100% 11% |  395 58.23 |  3.6  0.0  0.0  0.0
 56.633 0.279    0    2   42   56    0 |  81.1 E2   70% 36% |  396 51.70 |  0.0  0.0  0.0  3.6
 56.912 0.279    0    1   40   58    0 |  85.5 F2   76% 61% |  287 65.77 |  7.2  3.6  3.6  0.0
 57.191 0.279    0    1   51   48    1 |  95.1 F#2  40% 19% |  318 90.29 |  3.6  0.0  3.6 10.8
 57.469 0.279    0    1   32   67    0 |  86.3 F2   38% 46% |  394 99.00 |  0.0  0.0  0.0  3.6
 57.748 0.279    0    1   41   58    0 |  90.5 F#2  100% 18% |  369 99.00 |  3.6  3.6  0.0  3.6
 58.027 0.267    0    1   52   47    0 |   0.0 -     0%  0% |  333 99.00 |  0.0  0.0  3.7  3.7
 58.294 0.279    0    1   53   46    0 |  91.8 F#2  83% 21% |  336 99.00 |  7.2  3.6  0.0  7.2
 58.572 0.279    0    1   47   52    0 |  88.7 F2   73% 39% |  363 99.00 |  0.0  0.0  3.6  3.6
 58.851 0.279    0   11   29   60    0 |  74.8 D2   96% 100% |  388  7.91 |  3.6  0.0  0.0  0.0
 59.130 0.279    0    9   23   68    0 |  74.9 D2   93% 50% |  410  8.14 |  3.6  0.0  3.6  0.0
 59.408 0.279    0    2   13   84    0 |  75.8 D#2  100% 32% |  515 46.17 |  0.0  0.0  3.6  7.2
 59.687 0.279    0    1   21   77    0 |  75.0 D2   88% 29% |  483 99.00 |  0.0  0.0  7.2  3.6
 59.966 0.279    0    7   31   61    0 | 140.7 C#3  75% 29% |  398 11.96 |  3.6  0.0  0.0  3.6
 60.244 0.279    0    9   30   61    0 |  73.5 D2   100% 89% |  380  8.47 |  0.0  0.0  0.0  0.0
 60.523 0.279    0    4   14   81    0 |  73.6 D2   100% 37% |  442 17.55 |  3.6  3.6  7.2  3.6
 60.801 0.279    0    1   14   84    0 |   0.0 -     0%  0% |  463 99.00 |  0.0  0.0  0.0  0.0
 61.080 0.279    0   16   37   45    2 |  73.3 D2   100% 21% |  307  4.07 |  3.6  0.0  0.0  3.6
 61.359 0.279    0    7   28   64    1 |  73.7 D2   83% 43% |  306  5.88 |  0.0  0.0  7.2  7.2
 61.637 0.267    0    6   25   68    1 |  73.9 D2   90% 37% |  366 11.14 |  3.7  3.7  3.7  7.5
 61.904 0.279    0    5   33   61    2 |   0.0 -     0%  0% |  366 16.59 |  3.6  0.0  0.0  0.0
 62.183 0.279    0    8   32   59    0 |  73.6 D2   100% 39% |  276  5.75 |  7.2  3.6  3.6  0.0
 62.462 0.279    0   10   34   55    0 |  74.0 D2   100% 14% |  244  4.11 |  3.6  0.0  3.6  3.6
 62.740 0.290    0    7   47   45    1 |   0.0 -     0%  0% |  317 10.20 |  6.9  0.0  0.0  0.0
 63.031 0.290    0    2   67   30    1 |   0.0 -     0%  0% |  376 50.16 |  0.0  0.0  0.0  0.0
 63.321 0.290    0   13   33   54    0 |  73.7 D2   91% 38% |  347  6.08 |  0.0  0.0  0.0  3.5
 63.611 0.290    0   10   29   61    0 |  74.2 D2   100% 83% |  340  7.17 |  3.5  0.0  0.0  3.5
 63.901 0.279    0    5   25   70    0 |  73.7 D2   100% 86% |  430 15.04 |  0.0  0.0  3.6  0.0
 64.180 0.279    0    2   16   81    0 |  75.2 D2   78% 32% |  422 45.31 |  3.6  0.0  0.0  3.6
 64.459 0.279    0    7   27   65    0 |  73.4 D2   100% 32% |  332  7.33 |  0.0  0.0  0.0  3.6
 64.737 0.279    0   11   40   49    0 |  73.9 D2   100% 86% |  283  6.34 |  3.6  0.0  0.0  0.0
 65.016 0.279    0   10   51   38    0 |  74.2 D2   100% 68% |  272  5.78 |  0.0  0.0  0.0  0.0
 65.295 0.279    0    1   30   69    0 |  83.3 E2   75% 43% |  478 88.31 |  3.6  0.0  0.0  0.0
 65.573 0.279    0    1   36   62    0 |  77.0 D#2  100% 18% |  440 77.71 |  3.6  0.0  0.0  0.0
 65.852 0.279    0    3   47   50    0 |   0.0 -     0%  0% |  329 30.01 |  0.0  0.0  0.0  0.0
 66.130 0.279    0    3   51   47    0 |  75.8 D#2  100% 11% |  340 32.52 |  3.6  0.0  0.0  0.0
 66.409 0.290    0    5   80   15    0 |   0.0 -     0%  0% |  288 23.15 |  3.5  0.0  0.0  0.0
 66.699 0.290    0    1   96    3    0 |  83.1 E2   83% 41% |  271 99.00 |  3.5  3.5  0.0  0.0
 66.990 0.279    0    0   29   71    0 |  80.3 E2   75% 29% |  267 80.55 |  0.0  0.0  7.2  0.0
 67.268 0.279    0    1   25   72    2 | 100.5 G2   75% 43% |  280 31.02 |  7.2  3.6  3.6  3.6
 67.547 0.279    0    0   75   25    0 | 100.2 G2   50% 15% |  276 99.00 |  3.6  0.0  0.0  0.0
 67.825 0.279    0    1   43   56    0 |  83.8 E2   100% 32% |  264 82.03 |  3.6  0.0  3.6  0.0
 68.104 0.279    0    6   45   49    0 |   0.0 -     0%  0% |  252 20.17 |  7.2  3.6  0.0  3.6
 68.383 0.279    0    2   75   24    0 |  81.0 E2   100% 64% |  266 60.15 |  7.2  0.0  3.6  0.0
 68.661 0.279    0    1   87   13    0 |  80.7 E2   88% 29% |  280 99.00 |  0.0  0.0  3.6  0.0
 68.940 0.279    0    0   93    7    0 |   0.0 -     0%  0% |  281 99.00 |  7.2  0.0  3.6  0.0
 69.219 0.279    0    6   76   18    0 |   0.0 -     0%  0% |  271 99.00 |  7.2  3.6  3.6  0.0
 69.497 0.279    0   21   55   24    0 |  73.4 D2   76% 61% |  266  3.37 |  0.0  0.0  0.0  0.0
 69.776 0.290    0    5   11   83    1 |  73.5 D2   100% 52% |  211  2.65 |  6.9  3.5  6.9  6.9
 70.066 0.279    0    2    9   89    1 |  74.1 D2   100% 71% |  355 10.81 |  0.0  0.0  3.6  3.6
 70.345 0.279    0    2   22   75    1 |  75.6 D#2  67% 21% |  324 15.05 |  3.6  0.0  7.2  7.2
 70.623 0.279    0    5   21   74    0 |   0.0 -     0%  0% |  277  3.79 |  3.6  0.0  3.6  0.0
 70.902 0.279    0   16   53   31    0 |  75.3 D2   90% 75% |  277  4.59 |  0.0  0.0  0.0  0.0
 71.181 0.279    0   11   52   37    0 |  74.4 D2   100% 71% |  294  5.94 |  0.0  0.0  3.6  0.0
 71.459 0.279    0    3   56   41    0 |  74.1 D2   100% 39% |  352 30.29 |  3.6  0.0  3.6  0.0
 71.738 0.279    0    9   58   33    0 |  73.9 D2   88% 29% |  341 48.02 |  3.6  3.6  3.6  0.0
 72.017 0.279    0   17   48   35    0 |  74.0 D2   100% 89% |  221  2.94 |  3.6  0.0  3.6  0.0
 72.295 0.279    0    4   11   84    1 |  74.0 D2   71% 50% |  213  2.85 |  3.6  0.0  7.2  7.2
 72.574 0.279    0    1   13   85    1 |  73.9 D2   100% 29% |  357 13.85 |  0.0  0.0  0.0  3.6
 72.853 0.290    0    1   28   70    1 |   0.0 -     0%  3% |  334 43.49 |  0.0  0.0  0.0  3.5
 73.143 0.290    0   12   30   58    0 |  73.4 D2   100% 24% |  282  2.89 |  6.9  0.0  0.0  0.0
 73.433 0.279    0   24   50   25    0 |  74.0 D2   100% 61% |  240  2.67 |  3.6  0.0  7.2  0.0
 73.712 0.279    0   11   47   41    0 |   0.0 -     0%  4% |  353  7.46 |  7.2  0.0  0.0  0.0
 73.990 0.290    0    6   58   36    0 |  73.3 D2   100%  7% |  332 15.85 |  3.5  0.0  3.5  0.0
 74.281 0.290    0   21   54   25    0 |  74.6 D2   100% 47% |  264  3.12 |  0.0  0.0  3.5  0.0
 74.571 0.279    0    8   28   63    0 |  74.5 D2   100% 56% |  249  4.38 |  0.0  0.0  7.2  3.6
 74.850 0.279    0    6   29   64    0 |   0.0 -     0%  0% |  286  6.12 |  3.6  0.0  3.6  0.0
 75.128 0.279    0    5   69   26    0 |   0.0 -     0%  0% |  253 18.89 |  3.6  0.0  0.0  0.0
 75.407 0.279    0   15   70   15    0 |  73.4 D2   100% 32% |  228  4.74 |  3.6  0.0  0.0  0.0
 75.685 0.279    0   22   69   10    0 |  73.8 D2   100% 57% |  210  3.76 |  3.6  0.0  3.6  0.0
 75.964 0.279    0   17   70   13    0 |  74.2 D2   100% 79% |  238  5.54 |  0.0  0.0  0.0  0.0
 76.243 0.290    0   10   67   24    0 |  73.9 D2   100% 83% |  297  9.24 |  0.0  0.0  0.0  0.0
 76.533 0.279    0    3   76   21    0 |   0.0 -     0%  4% |  306 34.59 |  0.0  0.0  0.0  0.0
 76.812 0.290    0    5   91    5    0 |  81.0 E2   58% 41% |  265 35.51 |  3.5  0.0  0.0  0.0
 77.102 0.279    0    2   77   21    0 |  80.4 E2   80% 89% |  240 49.50 |  3.6  3.6  3.6  0.0
 77.380 0.279    0    1   48   51    0 |  82.6 E2   100% 14% |  239 45.56 |  0.0  0.0  7.2  0.0
 77.659 0.279    0    0   87   12    0 |  79.3 D#2  83% 21% |  283 99.00 |  0.0  0.0  0.0  0.0
 77.938 0.279    0    1   62   37    0 |  80.5 E2   35% 61% |  284 80.32 |  0.0  0.0  3.6  0.0
 78.216 0.279    0    2   79   19    0 |  84.4 E2   100%  7% |  295 98.74 |  3.6  0.0  3.6  0.0
 78.495 0.267    0    1   94    5    0 |  81.2 E2   92% 89% |  259 99.00 |  0.0  0.0  3.7  0.0
 78.762 0.279    0    1   92    7    0 |  83.4 E2   100% 18% |  286 99.00 |  3.6  0.0  3.6  0.0
 79.041 0.279    0    1   84   15    0 | 111.4 A2    0%  7% |  279 99.00 |  3.6  0.0  3.6  0.0
 79.319 0.279    0    8   70   22    0 |  73.8 D2   83% 21% |  262 12.90 |  0.0  0.0  0.0  0.0
 79.598 0.279    0   12   35   53    0 |  73.9 D2   100% 100% |  217  2.80 |  0.0  0.0  0.0  0.0
 79.877 0.279    0    4   13   83    1 |  73.5 D2   69% 46% |  242  3.85 |  3.6  3.6  7.2  7.2
 80.155 0.279    0    2   19   78    0 | 141.0 C#3  100% 14% |  335 14.38 |  0.0  0.0  3.6  3.6
 80.434 0.279    0    1   25   73    1 |   0.0 -     0%  4% |  321 36.84 |  3.6  0.0  3.6  3.6
 80.713 0.279    0   11   29   60    0 |  74.1 D2   100% 64% |  278  3.38 |  0.0  0.0  3.6  3.6
 80.991 0.279    0   15   57   28    0 |  74.0 D2   100% 75% |  288  5.34 |  3.6  3.6  3.6  0.0
 81.270 0.267    0    7   71   22    0 |  73.9 D2   70% 37% |  284 13.66 |  0.0  0.0  3.7  0.0
 81.537 0.267    0    3   70   27    0 | 130.7 C3   100% 23% |  307 33.07 |  0.0  0.0  3.7  0.0
 81.804 0.267    0    7   57   36    0 |  75.1 D2   86% 26% |  341 10.59 |  3.7  0.0  3.7  0.0
 82.071 0.267    0    9   36   55    0 |  74.7 D2   100% 70% |  313  5.58 |  3.7  3.7  7.5  0.0
 82.338 0.279    0    3   16   81    0 |  73.6 D2   100% 14% |  264  4.34 |  3.6  0.0  3.6  3.6
 82.617 0.267    0    2   26   72    0 |  74.5 D2   94% 59% |  305 15.35 |  3.7  0.0  0.0  0.0
 82.884 0.267    0    3   41   55    0 |   0.0 -     0%  4% |  305 43.92 |  3.7  3.7  3.7  3.7
 83.151 0.279    0   21   47   31    0 |  73.7 D2   100% 86% |  225  2.68 |  3.6  0.0  0.0  0.0
 83.429 0.279    0   26   59   15    0 |  73.7 D2   100% 100% |  211  2.59 |  3.6  0.0  3.6  0.0
 83.708 0.279    0   10   71   20    0 |  73.5 D2   100% 79% |  301 10.04 |  3.6  0.0  3.6  0.0
 83.987 0.279    0    4   79   17    0 |  74.9 D2   91% 39% |  306 24.60 |  0.0  0.0  0.0  0.0
 84.265 0.279    0   17   66   16    0 |  73.3 D2   100% 29% |  256  4.40 |  3.6  0.0  0.0  0.0
 84.544 0.279    0    8   50   41    0 |  74.0 D2   100% 75% |  237  7.29 |  3.6  0.0  3.6  0.0
 84.822 0.279    0    3   27   70    0 |  73.8 D2   100% 46% |  237 10.90 |  3.6  0.0  3.6  0.0
 85.101 0.279    0    1   24   74    0 |  75.2 D2   100% 29% |  360 29.78 |  0.0  0.0  0.0  0.0
 85.380 0.279    0   11   59   30    0 |  74.2 D2   100% 43% |  304 86.50 |  3.6  0.0  0.0  0.0
 85.658 0.279    0   26   63   11    0 |  73.8 D2   100% 100% |  182  2.02 |  3.6  3.6  3.6  0.0
 85.937 0.279    0   15   74   11    0 |  73.9 D2   100% 75% |  212  4.63 |  3.6  0.0  0.0  0.0
 86.216 0.279    0    8   71   21    0 |  74.7 D2   100% 32% |  299 11.79 |  0.0  0.0  0.0  0.0
 86.494 0.267    0    3   81   16    0 |   0.0 -     0%  0% |  277 37.08 |  3.7  0.0  0.0  0.0
 86.761 0.267    0    4   67   28    1 |   0.0 -     0%  4% |  277 33.28 |  0.0  0.0  3.7  3.7
 87.028 0.279    0    3   91    6    0 |  80.4 E2   88% 61% |  262 44.48 |  0.0  0.0  0.0  0.0
 87.307 0.279    0    2   86   11    0 |  82.3 E2   90% 75% |  237 53.07 |  3.6  3.6  3.6  0.0
 87.586 0.267    0    1   87   12    0 |  85.0 F2   100% 19% |  260 99.00 |  3.7  0.0  7.5  3.7
 87.853 0.279    0    0   26   73    1 | 108.1 A2   67% 11% |  275 90.43 |  0.0  0.0  0.0  0.0
 88.131 0.279    0    0   90   10    0 |  81.7 E2   100% 14% |  285 99.00 |  3.6  3.6  3.6  0.0
 88.410 0.279    0    0   86   14    0 |  82.5 E2   100% 36% |  268 99.00 |  3.6  0.0  0.0  0.0
 88.689 0.279    0    1   88   10    0 |   0.0 -     0%  4% |  282 79.48 |  3.6  3.6  3.6  0.0
 88.967 0.290    0    1   81   18    0 |  85.8 F2   100% 13% |  273 99.00 |  3.5  0.0  0.0  0.0
 89.258 0.290    0   10   39   49    2 |  73.4 D2   100% 34% |  274  4.53 |  3.5  0.0  3.5  3.5
 89.548 0.279    0   19   60   22    0 |  73.7 D2   100% 86% |  263  4.02 |  0.0  0.0  3.6  0.0
 89.826 0.267    0    8   54   38    0 |  73.7 D2   83% 23% |  337 10.96 |  0.0  0.0  7.5  3.7
 90.093 0.279    0    3   32   65    0 |   0.0 -     0%  0% |  346 23.01 |  3.6  0.0  3.6  0.0
 90.372 0.279    0   18   58   24    0 |  73.3 D2   100% 32% |  253  4.02 |  0.0  0.0  0.0  0.0
 90.651 0.279    0   16   65   19    0 |  73.4 D2   100% 57% |  249  5.02 |  0.0  0.0  3.6  3.6
 90.929 0.279    0    7   49   44    0 |  72.6 D2   100% 18% |  350 13.75 |  3.6  0.0  3.6  3.6
 91.208 0.279    0    2   56   42    0 |  74.1 D2   100% 21% |  334 48.87 |  3.6  0.0  0.0  0.0
 91.487 0.290    0    9   32   59    1 |  73.6 D2   100% 72% |  216  3.52 |  0.0  0.0  3.5  3.5
 91.777 0.279    0   24   56   20    0 |  73.5 D2   96% 100% |  213  2.52 |  0.0  0.0  3.6  0.0
 92.056 0.279    0   14   59   27    0 |  73.7 D2   100% 82% |  296  6.33 |  0.0  0.0  7.2  3.6
 92.334 0.279    0    3   32   64    0 |  74.5 D2   80% 54% |  297 13.91 |  0.0  0.0  0.0  0.0
 92.613 0.279    0   23   40   37    0 | 104.7 G#2   0% 64% |  286  3.08 |  0.0  0.0  3.6  0.0
 92.891 0.290    0   24   47   29    0 |  73.7 D2   68% 86% |  270  2.90 |  0.0  0.0  3.5  0.0
 93.182 0.290    0   19   65   16    0 |  73.8 D2   100% 86% |  249  4.02 |  3.5  0.0  0.0  0.0
 93.472 0.290    0    6   54   40    0 |  73.8 D2   100% 17% |  370 21.49 |  3.5  0.0  0.0  0.0
 93.762 0.290    0   16   32   52    0 |  73.6 D2   100% 62% |  248  2.69 |  0.0  0.0  3.5  0.0
 94.052 0.290    0   19   68   13    0 |  73.8 D2   100% 79% |  232  4.17 |  6.9  3.5  3.5  0.0
 94.343 0.279    0   11   60   29    0 |  73.7 D2   100% 64% |  294  6.88 |  3.6  0.0  7.2  0.0
 94.621 0.279    0    3   55   42    0 |  74.8 D2   100% 11% |  253 22.99 |  3.6  0.0  0.0  0.0
 94.900 0.279    0   12   76   12    0 |  73.5 D2   90% 71% |  249  7.07 |  0.0  0.0  0.0  0.0
 95.179 0.279    0   15   77    8    0 |  73.6 D2   100% 100% |  220  5.01 |  0.0  0.0  0.0  0.0
 95.457 0.279    0   15   61   24    0 |  73.7 D2   100% 100% |  300  5.48 |  3.6  0.0  0.0  0.0
 95.736 0.279    0    6   75   19    0 |  74.5 D2   100% 75% |  266 18.98 |  3.6  0.0  0.0  3.6
 96.015 0.279    0    1   36   62    0 |  73.9 D2   100% 21% |  280 38.91 |  3.6  0.0  3.6  3.6
 96.293 0.279    0    2   76   22    0 |  79.5 D#2  94% 61% |  273 36.78 |  3.6  0.0  0.0  3.6
 96.572 0.279    0    1   82   17    0 |  84.6 E2   100%  7% |  261 99.00 | 10.8  7.2  7.2  0.0
 96.850 0.279    0    1   90    9    0 |  82.1 E2   100%  7% |  287 99.00 |  0.0  0.0  3.6  0.0
 97.129 0.279    0    1   42   56    1 |   0.0 -     0%  0% |  251 78.80 |  3.6  3.6  0.0  3.6
 97.408 0.279    0    1   93    7    0 |   0.0 -     0%  0% |  293 99.00 |  3.6  3.6  3.6  0.0
 97.686 0.267    0    0   84   16    0 |  82.2 E2   100% 37% |  290 99.00 |  3.7  3.7  3.7  0.0
 97.953 0.279    0    0   89   10    0 |   0.0 -     0%  0% |  280 99.00 |  3.6  3.6  7.2  0.0
 98.232 0.290    0    1   82   18    0 |   0.0 -     0%  3% |  281 99.00 |  0.0  0.0  0.0  0.0
 98.522 0.279    0    7   45   48    0 |  73.3 D2   100% 32% |  314  8.03 |  3.6  0.0  3.6  0.0
 98.801 0.279    0   15   59   26    0 |  73.6 D2   100% 89% |  294  5.36 |  3.6  0.0  0.0  0.0
 99.080 0.267    0   10   63   27    0 |  73.9 D2   100% 59% |  289  8.75 |  3.7  3.7  7.5  3.7
 99.347 0.279    0    2   35   62    1 |  73.7 D2   100%  7% |  303 17.45 |  0.0  0.0  0.0  0.0
 99.625 0.267    0   15   71   14    0 |  73.6 D2   58% 73% |  266  6.52 |  0.0  0.0  0.0  0.0
 99.892 0.279    0   14   59   27    0 |  73.5 D2   100% 71% |  281  5.92 |  3.6  3.6  7.2  3.6
100.171 0.279    0    5   79   16    0 |  72.9 D2   100% 57% |  267 19.08 |  0.0  0.0  3.6  3.6
100.450 0.279    0    2   74   24    0 |   0.0 -     0%  0% |  294 48.66 |  0.0  0.0  0.0  0.0
100.728 0.279    0    8   36   55    0 |  73.6 D2   100% 14% |  271  4.14 |  3.6  3.6  3.6  3.6
101.007 0.279    0   24   55   21    0 |  73.4 D2   96% 100% |  216  2.51 |  3.6  0.0  0.0  0.0
101.285 0.267    0   12   53   36    0 |  73.3 D2   95% 81% |  337  7.66 |  0.0  0.0  7.5  3.7
101.552 0.279    0    3   13   84    0 |  72.1 D2   88% 29% |  328  8.60 |  0.0  0.0  3.6  0.0
101.831 0.279    0   17   54   30    0 |  73.5 D2   79% 68% |  293  4.75 |  7.2  0.0  0.0  0.0
102.110 0.267    0   13   72   15    0 |  73.5 D2   100% 100% |  264  6.70 |  3.7  0.0  0.0  0.0
102.377 0.279    0    9   81   10    0 |  73.4 D2   100% 100% |  286 10.10 |  3.6  0.0  0.0  0.0
102.655 0.279    0    7   66   27    0 |  74.2 D2   84% 68% |  318 14.76 |  0.0  0.0  0.0  0.0
102.934 0.279    0    8   28   64    0 |  73.5 D2   100% 29% |  251  4.17 |  3.6  0.0  3.6  3.6
103.213 0.279    0   16   64   21    0 |  73.9 D2   100% 89% |  228  5.05 |  0.0  0.0  3.6  0.0
103.491 0.279    0   11   67   21    0 |  74.0 D2   100% 46% |  289  8.43 |  3.6  0.0  3.6  0.0
103.770 0.279    0    2   14   85    0 | 139.7 C#3  100%  7% |  317 15.47 |  3.6  0.0  3.6  0.0
104.049 0.279    0   10   62   28    0 |  73.0 D2   89% 32% |  241  6.36 |  3.6  0.0  0.0  0.0
104.327 0.279    0   12   77   11    0 |  73.7 D2   100% 32% |  238  7.62 |  3.6  0.0  3.6  0.0
104.606 0.279    0    9   73   18    0 |  73.6 D2   100% 96% |  288 11.59 |  3.6  0.0  0.0  0.0
104.885 0.279    0    7   69   24    0 |  74.2 D2   100% 57% |  295 14.62 |  3.6  0.0  0.0  0.0
105.163 0.279    0    4   76   20    0 |   0.0 -     0%  4% |  290 24.94 |  3.6  0.0  0.0  0.0
105.442 0.279    0    1   82   17    0 |  79.0 D#2  94% 57% |  304 80.86 |  0.0  0.0  0.0  0.0
105.720 0.279    0    1   82   15    2 |   0.0 -     0%  0% |  297 99.00 |  0.0  0.0  7.2  0.0
105.999 0.279    0    1   59   40    0 |  81.1 E2   80% 36% |  289 54.29 |  3.6  3.6  3.6  0.0
106.278 0.279    0    1   70   28    1 |  77.4 D#2  100% 21% |  264 99.00 |  0.0  0.0  3.6  0.0
106.556 0.279    0    2   67   30    2 |  79.6 D#2  100%  7% |  280 80.13 |  3.6  3.6  3.6  0.0
106.835 0.279    0    0   86   12    1 |  83.0 E2   100% 36% |  286 99.00 |  0.0  0.0  0.0  0.0
107.114 0.279    0    1   56   40    3 |   0.0 -     0%  4% |  262 99.00 |  7.2  0.0  7.2  3.6
107.392 0.279    0    0   59   40    0 |  82.8 E2   100% 11% |  283 99.00 |  0.0  0.0  7.2  3.6
107.671 0.279    0    3   67   30    1 |  88.1 F2   80% 18% |  268 66.72 |  3.6  3.6  3.6  0.0
107.950 0.279    0   21   40   39    0 |  76.3 D#2  100% 61% |  246  2.79 |  0.0  0.0  0.0  0.0
108.228 0.279    0   17   43   36    3 |  76.6 D#2  100% 29% |  231  3.01 |  0.0  0.0  3.6  0.0
108.507 0.290    0   12   41   44    4 |  75.6 D#2  100%  7% |  221  4.11 |  6.9  0.0  3.5  6.9
108.797 0.290    0    2   25   72    1 |   0.0 -     0%  0% |  278 22.32 |  0.0  0.0  3.5  3.5
109.087 0.279    0   12   46   40    2 |  73.5 D2   100% 39% |  305  5.51 |  3.6  3.6  3.6  3.6
109.366 0.279    0   14   46   37    3 |  74.2 D2   100% 75% |  283  4.63 |  0.0  0.0  3.6  3.6
109.645 0.279    0    4   46   49    1 |   0.0 -     0%  0% |  308 16.90 |  3.6  0.0  7.2  7.2
109.923 0.279    0    1   43   56    0 |   0.0 -     0%  0% |  312 51.75 |  3.6  0.0  3.6  3.6
110.202 0.290    0    3    7   89    1 |  73.9 D2   100% 38% |  258  2.69 |  6.9  0.0  3.5  3.5
110.492 0.279    0    5   15   78    2 |  74.4 D2   100% 82% |  268  3.73 |  0.0  0.0  7.2  3.6
110.771 0.279    0    4   21   74    0 |  74.8 D2   100% 25% |  288  6.80 |  3.6  0.0  3.6  3.6
111.049 0.290    0    1   14   85    0 |  78.6 D#2  100% 14% |  310 16.93 |  0.0  0.0  0.0  6.9
111.340 0.279    0   10   26   64    0 |  73.5 D2   100% 29% |  274  3.66 |  3.6  0.0  3.6  3.6
111.618 0.279    0   11   31   58    0 |  73.7 D2   100% 25% |  266  3.90 |  0.0  0.0  7.2  7.2
111.897 0.290    0    5   25   70    0 |  73.8 D2   100% 93% |  335  7.76 |  6.9  0.0  0.0  3.5
112.187 0.290    0    3   34   63    0 |  73.5 D2   83% 21% |  343 19.42 |  6.9  0.0  0.0  0.0
112.477 0.290    0   21   45   34    0 |  73.7 D2   100% 41% |  204  2.39 |  0.0  0.0  0.0  0.0
112.768 0.290    0   17   48   35    0 |  73.9 D2   100% 93% |  203  3.18 |  3.5  3.5  6.9  0.0
113.058 0.279    0    9   54   36    0 |  73.9 D2   100% 32% |  282  7.28 |  0.0  0.0  3.6  7.2
113.337 0.290    0    2   39   59    0 | 113.3 A#2  100% 10% |  258 21.49 |  0.0  0.0  0.0  0.0
113.627 0.279    0   12   52   36    0 |   0.0 -     0%  4% |  276  5.85 |  7.2  3.6  3.6  3.6
113.905 0.279    0   14   59   27    0 |  73.6 D2   100% 46% |  231  4.96 |  3.6  3.6  3.6  7.2
114.184 0.279    0    5   36   59    0 |  73.5 D2   100% 25% |  282 10.48 |  3.6  3.6  7.2  7.2
114.463 0.290    0    3   39   58    1 |   0.0 -     0%  0% |  310 25.23 |  3.5  0.0  0.0  0.0
114.753 0.290    0    3   56   41    0 |  83.5 E2   100% 62% |  250 21.72 | 10.3  0.0  3.5  3.5
115.043 0.279    0    1   47   49    3 |  93.6 F#2  58% 43% |  263 39.28 |  7.2  0.0  3.6  7.2
115.322 0.279    0    1   54   36    9 |  93.1 F#2  67% 32% |  279 46.05 |  3.6  0.0  3.6 10.8
115.601 0.290    0    1   43   54    1 |  95.2 F#2  18% 38% |  256 37.28 |  3.5  3.5  0.0  3.5
115.891 0.279    0    2   56   36    5 |  84.7 E2   56% 32% |  280 33.60 |  0.0  0.0  3.6  3.6
116.169 0.290    0    2   64   30    4 |  87.6 F2   100%  7% |  260 38.15 |  3.5  0.0  3.5  0.0
116.460 0.290    0    1   59   40    1 |  85.1 F2   67% 10% |  257 53.40 |  6.9  0.0  0.0  3.5
116.750 0.290    0    2   80   18    0 |  86.9 F2   78% 31% |  259 54.63 |  6.9  0.0  0.0  0.0
117.040 0.290    0   18   47   35    0 |  73.9 D2   100% 55% |  260  3.36 |  3.5  0.0  0.0  0.0
117.330 0.279    0   15   53   32    1 |  74.2 D2   100% 75% |  253  4.11 |  3.6  3.6  7.2  0.0
117.609 0.290    0    9   43   47    1 |  73.4 D2   100% 41% |  324  8.41 |  3.5  0.0  3.5  0.0
117.899 0.290    0    3   50   47    0 |   0.0 -     0%  0% |  285 25.95 |  0.0  0.0  3.5  0.0
118.190 0.290    0   13   49   36    2 |  73.6 D2   73% 38% |  289  5.76 |  3.5  3.5  3.5  3.5
118.480 0.279    0   14   42   40    4 |  73.5 D2   100% 93% |  288  4.18 |  0.0  0.0  0.0  3.6
118.758 0.290    0    7   36   56    1 |  73.2 D2   100% 38% |  275  7.94 |  3.5  0.0  3.5  3.5
119.049 0.290    0    1   45   54    0 |   0.0 -     0%  0% |  259 41.56 |  0.0  0.0  0.0  3.5
119.339 0.279    0    4   14   81    0 |  75.8 D#2  100% 41% |  279  4.14 |  3.6  0.0  0.0  3.6
119.618 0.279    0    4   20   76    0 |  75.4 D2   100% 75% |  273  6.20 |  0.0  0.0  7.2  3.6
119.896 0.279    0    3   18   78    0 |  76.1 D#2  100% 21% |  290  7.09 |  0.0  0.0  3.6  7.2
120.175 0.290    0    1   10   88    1 |   0.0 -     0%  0% |  305 17.20 |  0.0  0.0  3.5  3.5
120.465 0.279    0    7   33   59    0 |  74.2 D2   88% 29% |  289  6.69 |  3.6  3.6  3.6  3.6
120.744 0.279    0   11   37   52    0 |  73.8 D2   100% 79% |  269  4.59 |  0.0  0.0  3.6  3.6
121.022 0.279    0    6   21   73    0 |  74.2 D2   100% 54% |  314  6.04 |  0.0  0.0  3.6  3.6
121.301 0.279    0    3   44   53    0 |  76.6 D#2  100%  7% |  302 21.77 |  0.0  0.0  0.0  3.6
121.580 0.279    0    9   59   32    0 |  74.4 D2   100% 39% |  278  8.31 |  0.0  0.0  3.6  0.0
121.858 0.279    0   13   58   29    0 |  74.4 D2   100% 79% |  249  4.95 |  7.2  7.2  7.2  3.6
122.137 0.279    0   11   50   38    0 |  74.8 D2   100%  7% |  221  4.35 |  0.0  0.0  3.6  0.0
122.416 0.279    0    6   63   31    0 |   0.0 -     0%  0% |  263 10.83 |  3.6  0.0  3.6  3.6
122.694 0.279    0    2   40   58    0 |   0.0 -     0%  0% |  263 28.63 |  3.6  0.0  3.6  0.0
122.973 0.279    0    1   51   47    0 | 108.5 A2    0%  7% |  255 47.87 |  3.6  0.0  0.0  0.0
123.252 0.279    0   17   54   29    0 | 142.3 C#3  100% 11% |  263  4.74 |  7.2  3.6  3.6  3.6
123.530 0.279    0   16   38   46    0 |  74.0 D2   100% 29% |  216  2.85 |  0.0  0.0  3.6  0.0
123.809 0.279    0   14   66   21    0 |  73.9 D2   100% 56% |  224  5.01 |  3.6  0.0  0.0  0.0
124.087 0.267    0    7   86    7    0 |  74.4 D2   86% 52% |  242 13.83 |  0.0  0.0  0.0  0.0
124.354 0.279    0    2   75   23    0 |   0.0 -     0%  0% |  259 48.59 |  0.0  0.0  3.6  3.6
124.633 0.279    0    2   55   42    0 |  93.0 F#2  20% 54% |  265 39.74 |  3.6  0.0  3.6  0.0
124.912 0.267    0    3   57   40    0 |  74.6 D2   68% 81% |  341 26.73 |  3.7  0.0  0.0  0.0
125.179 0.279    0    4   55   41    0 |  77.7 D#2  100% 75% |  340 23.34 |  3.6  0.0  0.0  0.0
125.457 0.279    0    6   66   28    0 |  77.8 D#2  75% 29% |  278 13.83 |  0.0  0.0  0.0  0.0
125.736 0.279    0    2   73   25    0 |  77.7 D#2  100% 14% |  257 39.42 |  0.0  0.0  0.0  0.0
126.015 0.279    0    1   73   26    0 |   0.0 -     0%  0% |  248 99.00 |  0.0  0.0  3.6  0.0
126.293 0.279    0    0   88   12    0 |  81.3 E2   90% 37% |  234 99.00 |  3.6  0.0  0.0  0.0
126.572 0.279    0    1   90    9    0 |  91.4 F#2  100% 21% |  221 99.00 |  3.6  0.0  0.0  0.0
126.851 0.267    0    1   93    6    0 |   0.0 -     0%  0% |  223 75.01 |  3.7  0.0  0.0  0.0
127.118 0.279    0    2   82   16    0 |   0.0 -     0%  0% |  238 42.11 |  3.6  0.0  0.0  0.0
127.396 0.267    0    2   11   87    0 |  61.1 B1   100% 11% |  196  9.11 |  0.0  0.0  3.7  0.0
127.663 0.279    0    6   80   14    0 |   0.0 -     0%  4% |  202 15.13 |  0.0  0.0  0.0  0.0
127.942 0.279    0    4   87    9    0 | 103.5 G#2  90% 36% |  217 25.09 |  3.6  0.0  0.0  0.0
128.221 0.279    0    3   90    8    0 |  91.9 F#2  67% 21% |  217 35.01 |  3.6  0.0  0.0  0.0
128.499 0.279    0    2   95    2    0 |   0.0 -     0%  0% |  218 51.25 |  0.0  0.0  0.0  0.0
128.778 0.279    1    8   56   35    0 |  85.0 F2   100%  7% |  220 31.03 |  3.6  0.0  3.6  3.6
129.057 0.279    0    1   93    7    0 |  83.2 E2   100% 18% |  297 99.00 |  0.0  0.0  0.0  0.0
129.335 0.279    0    0   94    5    0 |  83.4 E2   100% 39% |  260 99.00 |  0.0  0.0  0.0  0.0
129.614 0.279    0    1   91    7    0 |  83.4 E2   100% 82% |  188 74.38 |  3.6  0.0  0.0  0.0
129.892 0.279    0    1   91    8    0 |   0.0 -     0%  0% |  184 99.00 |  3.6  0.0  0.0  0.0
130.171 0.279    0    1   94    5    0 |   0.0 -     0%  0% |  212 99.00 |  0.0  0.0  0.0  0.0
130.450 0.279    0    1   92    7    0 |   0.0 -     0%  0% |  249 99.00 |  3.6  0.0  0.0  0.0
130.728 0.279    1    2   91    7    0 |   0.0 -     0%  0% |  271 39.75 |  0.0  0.0  0.0  0.0
131.007 0.279    0    3   86   10    0 |   0.0 -     0%  0% |  279 25.94 |  0.0  0.0  0.0  0.0
131.286 0.279    2   22   61   16    0 |   0.0 -     0%  0% |  209  2.37 |  7.2  0.0  0.0  0.0
131.564 0.279    1    7   87    6    0 |   0.0 -     0%  0% |  197 10.98 |  3.6  0.0  0.0  0.0
131.843 0.279    1    5   88    6    0 |   0.0 -     0%  0% |  193 12.47 |  3.6  0.0  0.0  0.0
132.122 0.279    1    6   79   12    1 |   0.0 -     0%  0% |  200 11.87 |  0.0  0.0  0.0  3.6
132.400 0.279    1    5   63   14   17 |   0.0 -     0%  0% |  197 10.62 |  3.6  3.6  3.6  0.0
132.679 0.279    2   12   69   15    3 |   0.0 -     0%  0% |  219  9.41 |  3.6  0.0  3.6  3.6
132.957 0.279    1   45   26   20    8 | 103.5 G#2  100% 14% |  181  2.02 |  3.6  0.0  3.6  3.6
133.236 0.279    0    1    1   41   57 |  79.3 D#2  100% 14% |  338  4.83 |  0.0  0.0  7.2 10.8
133.515 0.279    0    0    1   47   53 |   0.0 -     0%  0% |  409 44.01 |  7.2  0.0  3.6  7.2
133.793 0.279    0    0    1   47   51 |   0.0 -     0%  0% |  423 99.00 |  3.6  3.6  3.6  7.2
134.072 0.279    0    0    1   52   47 |   0.0 -     0%  0% |  446 99.00 |  3.6  0.0  0.0  0.0
134.351 0.279    0    0    1   51   48 |   0.0 -     0%  0% |  431 99.00 |  3.6  0.0  0.0  7.2
134.629 0.279    0    0    1   49   50 |   0.0 -     0%  0% |  432 99.00 |  3.6  0.0  0.0  0.0
134.908 0.279    0    0    1   53   46 |   0.0 -     0%  0% |  437 99.00 |  3.6  0.0  0.0  0.0
135.187 0.290    0    0    1   57   42 |   0.0 -     0%  0% |  427 99.00 |  3.5  0.0  0.0  0.0
135.477 0.279    0    0    1   52   47 |   0.0 -     0%  0% |  441 99.00 |  3.6  0.0  0.0  0.0
135.755 0.279    0    0    1   56   43 |   0.0 -     0%  0% |  438 99.00 |  0.0  0.0  0.0  0.0
136.034 0.279    0    0    1   56   43 |   0.0 -     0%  0% |  437 99.00 |  3.6  0.0  0.0  3.6
136.313 0.279    0    0    1   57   42 |   0.0 -     0%  0% |  429 99.00 |  3.6  0.0  0.0  3.6
136.591 0.279    0    0    1   54   45 |  62.0 B1   100%  7% |  449 99.00 |  0.0  0.0  0.0  0.0
136.870 0.279    0    0    1   54   45 |   0.0 -     0%  0% |  449 99.00 |  3.6  0.0  0.0  3.6
137.149 0.279    0    0    1   57   42 |   0.0 -     0%  0% |  440 99.00 |  0.0  0.0  0.0  0.0
137.427 0.279    0    0    1   54   45 |   0.0 -     0%  0% |  466 94.30 |  3.6  0.0  0.0  0.0
137.706 0.279    0    0    1   57   42 |   0.0 -     0%  0% |  435 72.60 |  0.0  0.0  0.0  3.6
137.985 0.279    0    0    1   58   41 |   0.0 -     0%  0% |  444 78.13 |  0.0  0.0  0.0  0.0
138.263 0.279    0    0    1   55   44 |   0.0 -     0%  0% |  441 99.00 |  0.0  0.0  0.0  0.0
138.542 0.279    0    0    1   54   44 |   0.0 -     0%  0% |  440 99.00 |  3.6  0.0  0.0  0.0
138.820 0.279    0    0    1   56   43 |   0.0 -     0%  0% |  444 99.00 |  3.6  0.0  0.0  0.0
139.099 0.279    0    0    1   57   42 |   0.0 -     0%  0% |  437 99.00 |  0.0  0.0  0.0  0.0
139.378 0.279    0    0    1   51   48 |   0.0 -     0%  0% |  440 99.00 |  3.6  0.0  0.0  0.0
139.656 0.279    0    0    1   53   46 |   0.0 -     0%  0% |  459 99.00 |  3.6  0.0  0.0  0.0
139.935 0.279    0    0    1   54   45 |   0.0 -     0%  0% |  428 99.00 |  3.6  0.0  0.0  0.0
140.214 0.279    0    0    1   52   47 |   0.0 -     0%  0% |  425 99.00 |  3.6  0.0  0.0  0.0
140.492 0.279    0    0    1   54   45 |   0.0 -     0%  0% |  433 99.00 |  3.6  0.0  0.0  0.0
140.771 0.279    0    0    1   52   47 |   0.0 -     0%  0% |  440 99.00 |  7.2  0.0  0.0  0.0
141.050 0.279    0    0    1   53   46 |   0.0 -     0%  0% |  429 99.00 |  0.0  0.0  0.0  0.0
141.328 0.279    0    0    1   54   44 |   0.0 -     0%  0% |  435 99.00 |  0.0  0.0  0.0  0.0
141.607 0.279    0    0    1   50   49 |   0.0 -     0%  0% |  432 99.00 |  3.6  0.0  0.0  0.0
141.886 0.279    0    0    1   51   47 |   0.0 -     0%  0% |  427 99.00 |  3.6  0.0  0.0  0.0
142.164 0.279    0    0    1   57   42 |  61.6 B1   100%  7% |  438 99.00 |  0.0  0.0  0.0  0.0
142.443 0.279    0    0    1   53   46 |   0.0 -     0%  0% |  438 99.00 |  0.0  0.0  0.0  3.6
142.721 0.279    0    0    1   52   47 |   0.0 -     0%  0% |  432 99.00 |  3.6  0.0  0.0  0.0
143.000 0.279    0    0    1   52   47 |   0.0 -     0%  0% |  439 99.00 |  7.2  0.0  0.0  0.0
143.279 0.279    0    0    1   54   45 |   0.0 -     0%  0% |  432 99.00 |  3.6  0.0  0.0  0.0
143.557 0.279    0    0    1   53   45 |   0.0 -     0%  0% |  429 99.00 |  3.6  0.0  0.0  0.0
143.836 0.279    0    0    1   49   50 |   0.0 -     0%  0% |  441 99.00 |  0.0  0.0  0.0  0.0
