# Comptine  grain bar (128 slices, bar-synchronous on the 215.33 bpm grid)  STFT 8192
   t(s)   dur  sub bass  lm  mid high | f0Hz note held vcd | cen   h/f | low click mid high
  0.580 1.091    0    1   75   18    6 |  82.8 E2   70%  9% |  274 99.00 |  1.8  0.0  0.0  4.6
  1.672 1.115    0    1   90    9    0 |   0.0 -     0%  1% |  272 99.00 |  1.8  1.8  3.6  2.7
  2.786 1.103    0   27   53   21    0 |  74.0 D2   97% 63% |  245  1.82 |  0.9  0.0  1.8  0.0
  3.889 1.068    0   16   48   35    0 |  73.6 D2   83% 34% |  319  4.92 |  2.8  0.9  2.8  0.0
  4.957 1.068    0   26   50   24    0 |  74.6 D2   88% 23% |  293  2.37 |  2.8  0.0  1.9  0.0
  6.026 1.103    0   17   58   25    0 |  73.7 D2   100% 27% |  309  6.22 |  2.7  1.8  1.8  0.0
  7.129 1.103    0   38   52   10    0 |  73.6 D2   92% 47% |  207  1.44 |  3.6  0.0  1.8  0.0
  8.231 1.091    0   11   75   14    0 |  73.6 D2   100% 38% |  258  8.21 |  3.7  0.9  0.9  0.0
  9.323 1.080    0    5   87    8    0 |  78.0 D#2  62% 34% |  254 65.21 |  2.8  0.9  1.9  0.0
 10.403 1.115    0    1   54   44    1 |  86.1 F2   31% 43% |  387 99.00 |  2.7  0.9  2.7  3.6
 11.517 1.103    0    4   87    9    0 |  82.7 E2   31% 33% |  270 65.55 |  1.8  0.0  1.8  0.0
 12.620 1.103    0    4   63   32    2 |  77.5 D#2  62% 14% |  354 21.22 |  1.8  0.9  4.5  4.5
 13.723 1.115    0    9   75   15    0 |  75.0 D2   95% 38% |  303  9.05 |  5.4  0.9  1.8  0.9
 14.838 1.115    0   15   59   25    1 |  74.9 D2   100% 25% |  308  7.09 |  3.6  0.0  1.8  4.5
 15.952 1.103    0   13   38   49    0 |  74.0 D2   100% 59% |  334  5.67 |  1.8  0.0  0.9  0.0
 17.055 1.115    0   13   74   14    0 |  73.5 D2   98% 38% |  288  8.74 |  3.6  0.0  0.9  0.0
 18.170 1.115    0   20   63   16    0 |  77.0 D#2  100% 13% |  260  3.54 |  2.7  0.9  1.8  0.0
 19.284 1.115    0    2   83   13    1 |  82.7 E2   72% 45% |  288 29.03 |  1.8  0.0  3.6  1.8
 20.399 1.115    0    1   53   45    1 | 100.2 G2   39% 37% |  367 99.00 |  1.8  0.9  4.5  3.6
 21.513 1.126    0    6   76   17    1 |  75.6 D#2  78% 41% |  296 23.02 |  3.5  0.0  1.8  2.7
 22.639 1.115    0    5   71   23    1 |  74.2 D2   65% 43% |  362 17.60 |  1.8  0.0  0.0  2.7
 23.754 1.115    0   19   53   28    0 |  74.3 D2   96% 65% |  304  4.61 |  2.7  0.9  1.8  0.9
 24.869 1.115    0    8   43   49    0 |  74.9 D2   92% 32% |  337 10.98 |  5.4  2.7  3.6  2.7
 25.983 1.115    0   13   53   34    0 |  75.4 D2   70% 57% |  328  8.82 |  4.5  0.9  2.7  1.8
 27.098 1.115    0   15   68   17    0 |  74.9 D2   98% 46% |  302  5.29 |  0.9  0.0  0.9  0.0
 28.212 1.115    0   16   70   14    0 |  73.7 D2   100% 38% |  277  6.12 |  1.8  0.0  0.0  0.0
 29.327 1.115    0    4   73   23    0 |  92.4 F#2  29% 15% |  268 16.81 |  3.6  0.9  2.7  0.9
 30.441 1.103    0    1   78   21    0 |  85.7 F2   56% 23% |  307 99.00 |  2.7  1.8  3.6  4.5
 31.544 1.080    0    5   29   66    1 |  75.3 D2   82% 31% |  417 15.98 |  0.0  0.0  3.7  2.8
 32.624 1.080    0   13   36   51    0 |  73.5 D2   75% 44% |  366  4.66 |  2.8  0.9  0.9  1.9
 33.704 1.091    0   12   29   58    0 |  73.6 D2   99% 62% |  308  3.67 |  2.8  0.9  0.9  2.8
 34.795 1.091    0   14   49   37    0 |  73.6 D2   92% 47% |  279  6.00 |  4.6  0.9  0.0  0.9
 35.886 1.126    0    8   44   47    0 |  74.2 D2   92% 35% |  257  6.51 |  2.7  0.0  1.8  1.8
 37.013 1.115    0   11   54   35    0 |  73.9 D2   80% 39% |  279  7.35 |  3.6  0.9  1.8  0.0
 38.127 1.115    0    3   76   21    0 |  81.3 E2   62% 14% |  271 44.59 |  2.7  0.0  1.8  0.0
 39.242 1.115    0    1   84   15    0 |  81.9 E2   67% 30% |  300 99.00 |  4.5  2.7  2.7  0.9
 40.356 1.115    0   10   67   23    0 |  73.9 D2   94% 46% |  273  4.29 |  2.7  0.0  0.0  0.0
 41.471 1.115    0   11   40   49    0 |  74.0 D2   60% 38% |  336  4.99 |  2.7  0.0  2.7  1.8
 42.585 1.115    0   10   52   38    0 |  73.6 D2   96% 51% |  290  3.85 |  0.9  0.9  1.8  0.9
 43.700 1.115    0   11   47   42    0 |  73.6 D2   73% 46% |  352  9.34 |  2.7  1.8  2.7  0.9
 44.815 1.115    0   15   41   44    0 |  73.5 D2   93% 52% |  305  3.18 |  3.6  0.0  0.0  0.0
 45.929 1.126    0   11   52   37    0 |  73.8 D2   89% 58% |  306  7.90 |  4.4  0.0  0.0  0.0
 47.055 1.126    0    2   60   37    0 |  84.7 E2   31% 28% |  265 41.65 |  0.9  0.0  1.8  0.0
 48.181 1.149    0    1   52   48    0 |  84.7 E2   21% 21% |  332 99.00 |  4.3  0.9  3.5  0.0
 49.331 1.161    0    7   37   56    0 |  74.0 D2   100% 39% |  376 13.37 |  6.0  2.6  3.5  2.6
 50.492 1.103    0   10   26   63    0 |  74.0 D2   73% 33% |  367 14.03 |  2.7  0.9  2.7  3.6
 51.595 1.115    0    8   23   68    1 |  75.3 D2   100% 26% |  384  6.20 |  3.6  1.8  2.7  5.4
 52.709 1.115    0    9   32   59    1 |  75.3 D2   97% 32% |  334  6.51 |  2.7  0.0  0.9  2.7
 53.824 1.149    0   18   43   39    0 |  75.4 D2   100% 28% |  304  3.46 |  4.3  0.0  0.0  0.9
 54.973 1.103    0    8   26   65    0 |  73.9 D2   90% 18% |  404  9.37 |  2.7  0.0  2.7  2.7
 56.076 1.115    0    4   41   55    0 |  79.9 D#2  12% 45% |  394 37.67 |  2.7  0.9  1.8  1.8
 57.191 1.103    0    1   44   55    0 |  88.8 F2   39% 21% |  357 99.00 |  1.8  0.9  1.8  5.4
 58.294 1.115    0    7   36   56    0 |  75.3 D2   66% 53% |  370 13.84 |  3.6  0.9  1.8  2.7
 59.408 1.115    0    6   20   74    0 |  73.9 D2   80% 45% |  458 17.82 |  0.9  0.0  2.7  3.6
 60.523 1.115    0   10   19   71    1 |  73.6 D2   93% 25% |  417  7.78 |  1.8  0.9  3.6  3.6
 61.637 1.103    0   11   27   61    1 |  73.8 D2   96% 23% |  331  4.83 |  4.5  1.8  2.7  2.7
 62.740 1.161    0   12   40   48    0 |  74.1 D2   97% 30% |  350  4.89 |  2.6  0.0  0.0  1.7
 63.901 1.115    0   10   22   68    0 |  73.8 D2   95% 59% |  399  7.87 |  1.8  0.0  0.9  1.8
 65.016 1.115    0    6   37   56    0 |  75.6 D#2  72% 32% |  345 20.62 |  1.8  0.0  0.0  0.0
 66.130 1.138    0    2   58   40    0 |  80.9 E2   57% 20% |  274 50.20 |  2.6  0.9  1.8  0.0
 67.268 1.115    0    1   43   54    1 |  99.3 G2   40% 23% |  270 48.41 |  5.4  1.8  1.8  1.8
 68.383 1.115    0    2   85   13    0 |  81.0 E2   96% 23% |  279 99.00 |  5.4  0.9  3.6  0.0
 69.497 1.126    0    6   13   80    1 |  73.8 D2   88% 51% |  273  2.23 |  2.7  0.9  4.4  4.4
 70.623 1.115    0   11   37   52    0 |  74.5 D2   98% 46% |  283  3.19 |  1.8  0.0  2.7  0.0
 71.738 1.115    0    8   17   75    1 |  74.0 D2   91% 49% |  261  2.21 |  2.7  0.9  3.6  2.7
 72.853 1.138    0   15   31   54    0 |  73.9 D2   96% 23% |  313  3.78 |  4.4  0.0  1.8  0.9
 73.990 1.138    0   15   31   54    0 |  74.5 D2   97% 27% |  275  2.71 |  1.8  0.0  4.4  0.9
 75.128 1.115    0   23   61   16    0 |  73.8 D2   100% 42% |  230  2.72 |  2.7  0.0  0.9  0.0
 76.243 1.138    0    7   75   18    0 |  78.8 D#2  31% 54% |  273 23.57 |  1.8  0.9  0.9  0.0
 77.380 1.115    0    1   70   29    0 |  81.9 E2   48% 26% |  284 81.54 |  0.9  0.0  3.6  0.0
 78.495 1.103    0    3   84   13    0 |  81.6 E2   70% 34% |  277 99.00 |  1.8  0.0  2.7  0.0
 79.598 1.115    0    6   18   75    1 |  73.9 D2   80% 41% |  311  7.03 |  1.8  0.9  3.6  3.6
 80.713 1.091    0   13   53   34    0 |  74.1 D2   84% 50% |  291  4.87 |  0.9  0.9  3.7  0.9
 81.804 1.080    0    7   26   67    0 |  74.6 D2   96% 42% |  307  5.83 |  3.7  0.9  3.7  0.9
 82.884 1.103    0   22   47   31    0 |  73.7 D2   99% 68% |  234  1.87 |  3.6  0.9  2.7  0.9
 83.987 1.115    0    9   43   48    0 |  74.1 D2   98% 47% |  258  6.16 |  2.7  0.0  1.8  0.0
 85.101 1.115    0   18   42   41    0 |  74.0 D2   100% 62% |  216  2.56 |  2.7  0.9  0.9  0.0
 86.216 1.091    0    7   75   18    0 |  79.3 D#2  56% 25% |  278 21.14 |  0.9  0.0  0.9  0.9
 87.307 1.103    0    1   65   34    0 |  83.5 E2   73% 30% |  266 97.89 |  2.7  1.8  3.6  0.9
 88.410 1.138    0    5   70   24    1 |  81.7 E2   44% 22% |  274 92.04 |  3.5  0.9  1.8  0.9
 89.548 1.103    0   17   43   40    0 |  73.7 D2   97% 35% |  290  3.90 |  0.9  0.0  3.6  0.9
 90.651 1.126    0   14   45   41    0 |  73.6 D2   100% 42% |  319  5.12 |  1.8  0.0  2.7  2.7
 91.777 1.115    0   24   35   40    0 |  73.6 D2   81% 75% |  292  1.95 |  0.0  0.0  3.6  0.9
 92.891 1.161    0   30   38   32    0 |  73.7 D2   89% 63% |  271  1.67 |  1.7  0.0  1.7  0.0
 94.052 1.126    0   17   59   24    0 |  73.7 D2   95% 57% |  254  3.85 |  3.5  0.9  2.7  0.0
 95.179 1.115    0   16   56   29    0 |  73.9 D2   100% 74% |  270  3.60 |  2.7  0.0  0.9  1.8
 96.293 1.115    0    1   70   29    0 |  79.6 D#2  76% 19% |  264 79.73 |  4.5  2.7  2.7  1.8
 97.408 1.115    0    1   87   13    0 |  82.2 E2   91% 10% |  285 99.00 |  2.7  2.7  3.6  0.0
 98.522 1.103    0   11   43   45    0 |  73.7 D2   100% 47% |  298  4.66 |  2.7  0.9  2.7  0.9
 99.625 1.103    0   12   68   20    0 |  73.5 D2   85% 50% |  274  7.76 |  0.9  0.9  2.7  1.8
100.728 1.103    0   13   28   58    0 |  73.4 D2   97% 56% |  287  3.53 |  1.8  0.9  3.6  1.8
101.831 1.103    0   20   61   19    0 |  73.5 D2   92% 84% |  287  4.19 |  3.6  0.0  0.0  0.0
102.934 1.115    0   10   29   61    0 |  73.9 D2   96% 43% |  256  3.10 |  2.7  0.0  3.6  0.9
104.049 1.115    0   16   65   20    0 |  73.7 D2   98% 54% |  262  5.82 |  3.6  0.0  0.9  0.0
105.163 1.115    0    2   73   24    0 |  80.0 D#2  93% 24% |  294 52.68 |  1.8  0.9  2.7  0.0
106.278 1.115    0    1   72   27    1 |  82.0 E2   63% 17% |  273 99.00 |  2.7  0.9  3.6  0.9
107.392 1.115    0   11   50   38    0 |  76.4 D#2  73% 29% |  259  3.60 |  0.9  0.9  3.6  0.9
108.507 1.138    0   16   34   49    1 |  74.0 D2   100% 30% |  282  2.90 |  2.6  0.9  3.5  4.4
109.645 1.126    0    6   20   74    1 |  74.3 D2   100% 30% |  300  4.00 |  3.5  0.0  5.3  4.4
110.771 1.126    0    9   18   73    0 |  73.9 D2   85% 23% |  285  2.90 |  1.8  0.0  3.5  5.3
111.897 1.161    0   17   30   53    0 |  73.8 D2   99% 62% |  272  2.33 |  4.3  0.9  1.7  0.9
113.058 1.126    0   15   45   40    0 |  73.8 D2   85% 23% |  262  4.23 |  2.7  1.8  2.7  4.4
114.184 1.138    0    5   41   54    1 |  83.5 E2   57% 32% |  269 16.68 |  6.2  0.9  3.5  4.4
115.322 1.138    0    2   52   44    2 |  90.4 F#2  29% 27% |  264 36.30 |  2.6  0.9  2.6  4.4
116.460 1.149    0   12   56   32    0 |  74.2 D2   76% 43% |  259  9.43 |  5.2  0.9  1.7  0.9
117.609 1.149    0   16   40   43    1 |  73.5 D2   94% 43% |  293  3.78 |  1.7  0.9  2.6  1.7
118.758 1.138    0    6   24   70    0 |  75.4 D2   86% 38% |  273  3.91 |  1.8  0.0  2.6  3.5
119.896 1.126    0    8   20   72    1 |  74.0 D2   89% 32% |  289  4.37 |  0.9  0.9  3.5  4.4
121.022 1.115    0   11   37   52    0 |  74.4 D2   98% 45% |  284  4.00 |  1.8  1.8  3.6  2.7
122.137 1.115    0   10   48   42    0 |  83.9 E2    0%  4% |  258 12.32 |  2.7  0.0  2.7  0.9
123.252 1.103    0   23   49   28    0 |  74.0 D2   85% 36% |  236  2.53 |  2.7  0.9  1.8  0.9
124.354 1.103    0    4   58   39    0 |  77.8 D#2  48% 52% |  338 22.73 |  2.7  0.0  1.8  0.9
125.457 1.115    0    2   75   22    0 |  79.2 D#2  68% 20% |  256 41.47 |  0.9  0.0  0.9  0.0
126.572 1.091    0    2   54   44    0 |  91.3 F#2  67%  8% |  226 45.62 |  2.8  0.0  0.9  0.0
127.663 1.115    0    4   88    8    0 | 103.2 G#2  53% 15% |  216 25.21 |  1.8  0.0  0.0  0.0
128.778 1.115    0    3   83   14    0 |  83.4 E2   98% 37% |  232 86.94 |  1.8  0.0  0.9  0.9
129.892 1.115    0    1   92    7    0 |   0.0 -     0%  0% |  237 92.45 |  1.8  0.0  0.0  0.0
131.007 1.115    1    8   81   10    0 |   0.0 -     0%  0% |  201 12.37 |  3.6  0.0  0.0  0.0
132.122 1.115    2   25   50   17    8 | 103.5 G#2  100%  4% |  200  9.93 |  2.7  0.9  2.7  2.7
133.236 1.115    0    0    1   50   49 |  79.3 D#2  100%  4% |  421 87.75 |  3.6  0.9  3.6  6.3
134.351 1.126    0    0    1   53   46 |   0.0 -     0%  0% |  434 99.00 |  3.5  0.0  0.0  1.8
135.477 1.115    0    0    1   55   44 |   0.0 -     0%  0% |  438 99.00 |  2.7  0.0  0.0  1.8
136.591 1.115    0    0    1   55   44 |  62.0 B1   100%  2% |  452 99.00 |  1.8  0.0  0.0  0.9
137.706 1.115    0    0    1   56   43 |   0.0 -     0%  0% |  444 99.00 |  0.9  0.0  0.0  0.9
138.820 1.115    0    0    1   54   45 |   0.0 -     0%  0% |  442 99.00 |  2.7  0.0  0.0  0.0
139.935 1.115    0    0    1   53   46 |   0.0 -     0%  0% |  433 99.00 |  4.5  0.0  0.0  0.0
141.050 1.115    0    0    1   52   47 |   0.0 -     0%  0% |  433 99.00 |  1.8  0.0  0.0  0.0
142.164 1.115    0    0    1   53   45 |  61.6 B1   100%  2% |  436 99.00 |  2.7  0.0  0.0  0.9
