# WhoLikesToParty  grain bar (124 slices, bar-synchronous on the 116.98 bpm grid)  STFT 8192
   t(s)   dur  sub bass  lm  mid high | f0Hz note held vcd | cen   h/f | low click mid high
  0.053 2.052   55   17   10   12    6 |  48.8 G1   19% 66% |   97  0.19 |  3.4  2.9  3.4  6.3
  2.105 2.052   33   28    8   16   15 |  37.6 D1   85% 19% |  145  0.41 |  6.8  5.8  6.3  4.9
  4.156 2.052   51   19   10   13    7 |  49.0 G1   22% 58% |  108  0.23 |  3.4  2.9  5.4  4.9
  6.208 2.052   38   28    8   14   12 |  37.3 D1   74% 28% |  122  0.32 |  7.3  5.4  5.8  5.4
  8.260 2.052   50   21   10   12    7 |  46.5 F#1  19% 59% |  106  0.21 |  3.4  3.4  4.4  5.4
 10.311 2.052   41   24    8   14   13 |  37.6 D1   65% 30% |  125  0.38 |  4.9  4.4  6.3  4.9
 12.363 2.052   28   34   15   14    9 |  49.6 G1   25% 53% |  109  0.25 |  4.9  3.4  4.9  5.8
 14.414 2.052   28   31   10   15   15 |  31.1 B0   58% 22% |  120  0.36 |  7.8  5.8  6.3  4.9
 16.466 2.052   51   19   11   13    6 |  48.4 G1   18% 69% |  114  0.25 |  2.9  2.9  4.4  4.9
 18.518 2.052   30   28   11   17   14 |  37.3 D1   61% 22% |  144  0.46 |  5.8  4.4  6.3  4.9
 20.569 2.052   46   19   11   15    8 |  49.1 G1   22% 58% |  139  0.36 |  3.4  2.9  5.4  4.9
 22.621 2.052   33   25   12   17   14 |  37.2 D1   80% 22% |  141  0.42 |  6.3  4.9  5.4  4.4
 24.672 2.052   49   19   10   14    8 |  48.9 G1   25% 56% |  121  0.27 |  3.4  3.4  5.4  4.4
 26.724 2.052   37   24   11   16   13 |  38.3 D#1  46% 34% |  144  0.53 |  4.4  3.9  5.8  4.4
 28.776 2.052   23   33   16   18   10 |  49.7 G1   16% 54% |  147  0.41 |  4.9  3.9  4.4  4.4
 30.827 2.052   26   43   11   11    9 |  47.1 F#1  17% 40% |  141  0.31 |  4.4  3.9  4.9  5.8
 32.879 2.052   14   37   16   14   20 |  67.0 C2   22% 61% |  148  0.51 |  2.9  2.4  3.4  2.4
 34.930 2.052   40   21   15   14   10 |  48.9 G1   11% 55% |  115  0.30 |  3.9  3.9  4.4  3.9
 36.982 2.052   14   27   25   23   11 |  65.8 C2    9% 53% |  215  1.34 |  3.9  2.9  2.9  3.9
 39.034 2.052   16   32   24   19   11 |  61.9 B1   33% 62% |  169  0.71 |  2.4  1.9  2.4  4.4
 41.085 2.052   13   29   25   22   11 |  64.9 C2    7% 59% |  199  1.09 |  2.9  2.9  3.4  4.9
 43.137 2.052   42   21   14   13   10 |  48.7 G1   12% 59% |  112  0.26 |  3.9  3.4  3.9  3.9
 45.188 2.052   16   29   23   22   11 |  62.2 B1   18% 47% |  192  0.98 |  4.4  2.4  2.9  4.4
 47.240 2.052   31   20   17   16   16 |  49.4 G1   16% 40% |  188  1.13 |  3.9  3.4  3.9  4.9
 49.292 2.052   46   22   10   10   12 |  41.2 E1   75% 28% |  232  1.48 |  4.9  3.9  6.8  5.8
 51.343 2.052   17   33    9   15   25 |  40.3 E1   76% 17% |  343  6.19 |  4.9  4.4  4.9  4.9
 53.395 2.052   20   36   10   15   18 |  40.2 E1   79% 17% |  249  1.77 |  5.8  5.8  6.8  4.9
 55.446 2.052    9   22   28   17   24 |  80.2 E2   15% 29% |  220  4.69 |  4.4  4.4  4.4  4.9
 57.498 2.052   45   16    9   10   20 |  48.9 G1   23% 62% |  101  0.20 |  3.4  2.9  4.4  1.9
 59.550 2.052   30   29    8   16   17 |  37.3 D1   71% 15% |  153  0.45 |  5.8  5.8  6.8  4.9
 61.601 2.052   51   19   10   13    7 |  49.1 G1   27% 56% |  117  0.26 |  3.9  3.9  5.4  4.9
 63.653 2.052   41   27    8   14   11 |  37.1 D1   70% 31% |  119  0.29 |  6.8  5.4  5.4  4.9
 65.704 2.052   52   19   10   12    7 |  46.5 F#1  18% 61% |  105  0.21 |  4.4  3.9  4.9  5.4
 67.756 2.052   43   24    7   14   12 |  37.2 D1   66% 33% |  113  0.34 |  5.4  3.9  5.4  4.9
 69.807 2.052   30   31   14   14   10 |  49.5 G1   26% 57% |  109  0.23 |  5.4  3.4  3.9  5.4
 71.859 2.052   25   35   10   15   16 |  31.3 B0   68% 24% |  116  0.30 |  7.8  5.8  6.3  5.4
 73.911 2.052   52   18   10   14    7 |  48.9 G1   22% 69% |  102  0.20 |  2.4  2.4  3.4  4.4
 75.962 2.052   30   25    8   22   14 |  37.1 D1   68% 23% |  150  0.44 |  5.8  5.4  6.3  3.9
 78.014 2.052   47   19   10   16    8 |  48.8 G1   20% 60% |  123  0.28 |  3.4  2.9  4.4  4.9
 80.065 2.052   30   26    9   22   14 |  37.2 D1   72% 24% |  147  0.41 |  6.3  5.4  6.3  4.4
 82.117 2.052   47   20   10   16    8 |  47.0 F#1  21% 59% |  124  0.30 |  3.4  3.4  4.9  5.8
 84.169 2.052   36   21    9   21   13 |  37.6 D1   62% 29% |  151  0.47 |  5.4  3.9  5.4  3.9
 86.220 2.052   23   33   14   19   11 |  50.1 G1   23% 51% |  136  0.30 |  4.4  3.4  4.9  4.4
 88.272 2.052   13   50    9   16   11 |  74.8 D2    6% 41% |  147  0.39 |  6.3  4.9  5.8  5.4
 90.323 2.052   37   37    7   11    8 |  50.8 G#1  12% 54% |   96  0.14 |  3.9  2.9  3.4  2.9
 92.375 2.052   27   26    9   22   16 |  37.4 D1   66% 20% |  143  0.52 |  5.4  4.9  6.3  3.4
 94.427 2.052   48   18   10   16    8 |  49.0 G1   28% 57% |  133  0.34 |  2.9  2.9  5.4  4.9
 96.478 2.052   31   24    8   22   14 |  37.2 D1   85% 25% |  148  0.46 |  6.3  5.4  5.8  4.4
 98.530 2.052   48   19   10   15    8 |  48.9 G1   23% 56% |  121  0.26 |  3.9  3.4  5.4  4.4
100.581 2.052   37   22    9   19   13 |  37.9 D#1  63% 30% |  143  0.50 |  5.8  4.9  5.4  3.4
102.633 2.052   21   33   15   20   11 |  49.6 G1   11% 52% |  134  0.34 |  4.9  3.4  4.9  4.4
104.685 2.052   28   41    9   13    9 |  46.6 F#1  16% 41% |  129  0.27 |  6.3  3.9  4.4  5.8
106.736 2.052   15   41   12   18   13 |  68.1 C#2  16% 60% |  134  0.34 |  3.4  2.4  3.4  2.4
108.788 2.052   40   21   10   19   10 |  47.0 F#1   9% 61% |  119  0.28 |  4.9  4.4  4.4  3.9
110.839 2.052   14   26   21   27   13 |  66.4 C2    6% 54% |  202  1.29 |  4.9  3.4  3.4  4.4
112.891 2.052   15   31   19   24   11 |  61.6 B1   33% 64% |  173  0.70 |  2.4  1.9  2.4  3.9
114.943 2.052   13   26   21   26   13 |  63.9 C2   15% 57% |  197  1.03 |  4.4  3.4  4.4  3.9
116.994 2.052   39   21   10   20   11 |  48.8 G1   11% 58% |  121  0.28 |  4.9  3.4  3.9  4.4
119.046 2.052   17   27   19   25   12 |  64.2 C2    6% 53% |  177  0.83 |  3.4  2.4  2.9  4.4
121.097 2.052   30   17   14   22   17 |  49.6 G1   16% 47% |  187  0.84 |  3.9  2.9  3.9  5.4
123.149 2.052   44   31    6   11    8 |  41.2 E1   73% 27% |  214  0.82 |  5.8  4.9  7.3  5.8
125.201 2.052   21   34   11   17   17 |  41.3 E1   54% 26% |  222  1.91 |  5.4  4.9  5.4  4.9
127.252 2.052   26   46    4   13   11 |  40.3 E1   78% 18% |  241  1.73 |  6.8  6.3  7.3  5.8
129.304 2.052   12   26   23   15   24 |  80.7 E2   41% 32% |  204  3.23 |  3.9  3.9  6.3  5.4
131.355 2.052   49   17   10   15    9 |  48.9 G1   25% 60% |  109  0.23 |  2.4  2.4  3.9  5.4
133.407 2.052   32   26    8   18   16 |  37.4 D1   92% 19% |  145  0.40 |  6.8  4.9  5.8  4.4
135.459 2.052   45   18   10   17   10 |  49.0 G1   24% 59% |  126  0.27 |  3.4  3.4  5.4  5.4
137.510 2.052   37   26    8   17   13 |  37.0 D1   71% 29% |  126  0.33 |  6.3  5.4  5.8  4.9
139.562 2.052   45   18    9   17   10 |  46.7 F#1  18% 59% |  117  0.23 |  3.4  3.4  3.9  5.8
141.613 2.052   37   23    8   17   15 |  37.8 D#1  66% 29% |  129  0.42 |  6.3  4.9  6.8  4.9
143.665 2.052   25   29   14   18   13 |  49.9 G1   24% 53% |  116  0.27 |  3.9  2.9  3.9  4.9
145.717 2.052   22   25   10   23   21 |  31.0 B0   63% 20% |  132  0.42 |  7.8  6.3  6.3  4.4
147.768 2.052   47   18   10   17    8 |  46.9 F#1  26% 70% |  116  0.25 |  3.4  3.4  3.9  4.9
149.820 2.052   29   25   12   18   15 |  37.2 D1   59% 24% |  138  0.47 |  5.4  4.9  6.8  3.9
151.871 2.052   42   18   10   18   11 |  49.0 G1   20% 58% |  144  0.35 |  2.9  2.9  3.9  5.8
153.923 2.052   25   22   12   22   18 |  37.5 D1   78% 22% |  160  0.58 |  6.3  5.4  5.8  4.9
155.975 2.052   44   18   10   18   10 |  46.8 F#1  20% 57% |  124  0.30 |  3.4  3.4  4.9  4.9
158.026 2.052   35   22   11   18   14 |  37.8 D#1  65% 29% |  167  0.51 |  5.4  3.4  4.9  4.4
160.078 2.052   21   30   14   21   14 |  49.4 G1   18% 51% |  159  0.50 |  5.4  3.9  3.9  4.4
162.129 2.052   23   41   11   14   12 |  47.1 F#1  15% 42% |  145  0.34 |  5.8  3.4  3.9  5.8
164.181 2.052   12   37   15   15   21 |  67.8 C#2  20% 60% |  156  0.45 |  4.4  1.9  2.4  1.9
166.233 2.052   40   20   14   16   10 |  48.8 G1   14% 58% |  115  0.28 |  4.4  3.9  4.4  3.9
168.284 2.052   14   26   24   24   12 |  65.2 C2   10% 54% |  218  1.54 |  3.4  2.4  2.9  4.4
170.336 2.052   16   31   23   20   11 |  61.7 B1   29% 64% |  181  0.79 |  1.0  1.0  3.4  3.9
172.387 2.052   13   27   23   25   12 |  66.2 C2    7% 52% |  224  1.48 |  4.4  3.9  3.4  4.4
174.439 2.052   41   21   13   15   10 |  48.7 G1   13% 58% |  121  0.31 |  4.4  2.9  3.9  4.4
176.490 2.052   14   27   25   23   11 |  62.0 B1   17% 49% |  215  1.36 |  3.4  2.4  2.9  4.4
178.542 2.052   31   20   16   17   16 |  49.7 G1   15% 42% |  198  1.17 |  3.4  2.9  3.4  5.4
180.594 2.052   43   23   10   12   12 |  41.2 E1   76% 26% |  248  1.32 |  5.4  4.4  7.3  4.9
182.645 2.052   21   31   12   19   18 |  41.3 E1   49% 34% |  211  1.00 |  4.4  4.4  4.9  5.8
184.697 2.052   20   35   11   15   19 |  40.2 E1   79% 17% |  256  2.21 |  5.8  5.8  6.3  4.9
186.748 2.052   10   21   28   17   24 |  80.7 E2   17% 29% |  225  4.57 |  4.4  4.4  5.4  5.4
188.800 2.052   41   16    9   14   20 |  47.2 F#1  21% 64% |  109  0.23 |  2.9  2.9  3.4  1.9
190.852 2.052   28   26    8   20   18 |  37.3 D1   73% 15% |  155  0.51 |  6.3  5.4  6.3  4.9
192.903 2.052   46   18   10   16   10 |  49.1 G1   30% 56% |  121  0.28 |  3.4  3.4  5.4  4.9
194.955 2.052   39   24    7   16   12 |  37.2 D1   70% 31% |  134  0.35 |  6.8  5.4  5.4  4.4
197.006 2.052   47   17   10   17    9 |  46.7 F#1  19% 59% |  114  0.24 |  4.4  3.9  5.4  4.9
199.058 2.052   42   23    7   15   13 |  37.5 D1   66% 35% |  115  0.36 |  6.3  4.4  6.3  4.9
201.110 2.052   25   28   14   19   15 |  49.3 G1   22% 55% |  118  0.28 |  4.9  3.4  3.9  4.4
203.161 2.052   19   28   10   22   21 |  31.2 B0   74% 23% |  141  0.48 |  7.8  6.3  6.3  4.9
205.213 2.052   46   18   10   18    9 |  46.9 F#1  25% 67% |  118  0.28 |  2.4  2.4  3.4  4.4
207.264 2.052   27   22    8   26   16 |  37.3 D1   77% 21% |  167  0.57 |  6.3  3.9  5.4  3.9
209.316 2.052   43   18   11   19   11 |  49.0 G1   22% 56% |  133  0.33 |  3.9  2.9  5.4  4.9
211.368 2.052   25   22    9   26   17 |  37.3 D1   74% 26% |  145  0.49 |  6.8  6.3  5.8  4.9
213.419 2.052   42   17   11   20   10 |  46.7 F#1  20% 60% |  139  0.36 |  2.9  2.9  3.4  3.9
215.471 2.052   35   20    9   22   14 |  37.8 D1   56% 29% |  159  0.53 |  4.9  3.4  5.8  3.9
217.522 2.052   20   27   12   26   15 |  49.8 G1   23% 51% |  135  0.33 |  5.4  3.4  3.9  3.4
219.574 2.052   19   21    9   31   21 |  31.0 B0   74% 17% |  168  0.54 |  6.8  5.4  4.9  4.4
221.626 2.052   44   17    9   21    9 |  48.9 G1   21% 67% |  115  0.25 |  3.4  2.4  3.4  4.4
223.677 2.052   26   25    8   24   17 |  37.2 D1   63% 21% |  149  0.53 |  6.8  5.8  6.3  4.9
225.729 2.052   41   17    9   21   12 |  48.9 G1   26% 59% |  144  0.36 |  3.4  3.4  4.4  5.4
227.780 2.052   27   21    9   25   18 |  37.2 D1   91% 22% |  148  0.46 |  5.8  5.4  5.8  4.4
229.832 2.052   42   17    9   22   10 |  48.9 G1   27% 53% |  125  0.31 |  3.4  2.9  4.9  4.4
231.884 2.052   37   21    8   20   13 |  37.8 D1   67% 32% |  156  0.51 |  5.4  3.9  6.3  4.9
233.935 2.052   19   28   12   26   15 |  49.4 G1   15% 53% |  142  0.41 |  4.9  3.4  4.9  3.9
235.987 2.052   23   38    9   18   12 |  47.3 F#1   5% 40% |  134  0.32 |  6.8  3.9  4.4  5.4
238.038 2.052   13   44   13   18   12 |  73.4 D2   41% 59% |  131  0.36 |  2.9  1.9  2.9  2.9
240.090 2.052   39   18   11   19   13 |  48.9 G1   10% 58% |  121  0.36 |  4.4  3.9  4.4  3.9
242.142 2.052   11   21   22   27   18 |  65.8 C2   10% 55% |  209  1.34 |  2.9  2.9  3.4  2.4
244.193 2.052   14   25   19   22   19 |  61.6 B1   34% 68% |  168  0.65 |  2.4  2.4  2.4  2.9
246.245 2.052   11   23   22   26   18 |  63.3 B1   31% 57% |  192  1.00 |  2.9  2.4  2.9  3.9
248.296 2.052   40   17   11   18   14 |  47.0 F#1   0% 58% |  118  0.33 |  4.9  3.9  4.4  4.4
250.348 2.052   13   24   20   27   17 |  62.2 B1   19% 46% |  187  0.87 |  4.4  2.4  2.9  3.4
252.400 2.052   24   20   14   24   17 |  54.0 A1    7% 44% |  206  0.96 |  3.9  2.9  3.9  5.4
