# WhoLikesToParty  grain 8 s  STFT 16384 (0.372 s window)  pitch: YIN 100 ms / 10 ms hop  onsets: per second  subwob: yes
   t(s)  sub bass  lm  mid high | f0Hz note held vcd | cen   h/f | subwob beats depth | low click mid high
  0.000   46   23    9   13    9 |  46.2 F#1  18% 43% |  106  0.21 | 0.557  1.09 1.00 |  5.1  4.1  5.1  5.4
  8.000   38   27   11   14   10 |  41.4 E1   16% 42% |  106  0.21 | 0.116  0.23 1.00 |  5.2  4.2  5.5  5.4
 16.000   42   23   11   15    9 |  46.1 F#1  16% 46% |  117  0.26 | 0.557  1.09 0.99 |  4.5  3.8  5.4  4.8
 24.000   35   26   12   16   11 |  42.1 E1   15% 41% |  127  0.33 | 0.116  0.23 1.00 |  4.8  4.2  5.2  4.4
 32.000   22   34   17   15   12 |  61.9 B1   19% 59% |  146  0.45 | 0.116  0.23 0.99 |  3.4  2.8  3.6  4.0
 40.000   21   29   20   19   12 |  61.6 B1   21% 54% |  162  0.66 | 0.116  0.23 0.99 |  3.4  2.8  3.2  4.4
 48.000   32   28   11   13   16 |  41.2 E1   42% 22% |  154  0.63 | 0.116  0.23 1.00 |  5.1  4.6  5.6  5.1
 56.000   39   21   12   13   15 |  48.8 G1   17% 42% |  120  0.29 | 0.116  0.23 1.00 |  4.4  4.2  5.2  4.1
 64.000   40   26   10   13   10 |  41.2 E1   15% 46% |  102  0.19 | 0.116  0.23 0.99 |  5.6  4.1  5.0  5.1
 72.000   41   23    9   17   11 |  46.1 F#1  17% 44% |  112  0.24 | 0.116  0.23 0.99 |  4.8  4.1  5.1  4.6
 80.000   34   25   10   19   11 |  41.6 E1   15% 40% |  123  0.29 | 0.116  0.23 0.99 |  4.8  4.0  5.4  4.6
 88.000   31   35    8   15   10 |  46.4 F#1  11% 42% |  115  0.23 | 0.116  0.23 1.00 |  4.9  4.0  5.2  4.2
 96.000   36   24   10   19   11 |  41.5 E1   12% 41% |  125  0.30 | 0.116  0.23 0.99 |  5.1  4.2  5.5  4.1
104.000   24   36   11   18   11 |  59.7 A#1   6% 54% |  126  0.29 | 0.116  0.23 0.99 |  5.0  3.6  4.0  4.1
112.000   20   27   17   24   12 |  61.6 B1   27% 59% |  161  0.59 | 0.116  0.23 0.99 |  3.8  2.8  3.4  4.1
120.000   28   30   11   18   13 |  43.9 F1   12% 34% |  148  0.51 | 0.116  0.23 1.00 |  4.9  4.1  5.1  5.1
128.000   35   24   11   16   14 |  45.2 F#1   9% 34% |  131  0.34 | 0.116  0.23 1.00 |  5.0  4.4  6.1  5.5
136.000   41   22    9   17   12 |  46.0 F#1  14% 43% |  108  0.21 | 0.116  0.23 0.99 |  4.8  4.1  5.2  5.1
144.000   31   25   11   19   14 |  46.1 F#1  12% 42% |  121  0.28 | 0.116  0.23 0.99 |  5.2  4.5  5.1  4.4
152.000   37   20   11   19   13 |  42.0 E1   18% 42% |  132  0.33 | 0.116  0.23 1.00 |  4.5  3.8  5.0  5.0
160.000   22   34   13   16   14 |  56.3 A1    6% 52% |  141  0.40 | 0.116  0.23 0.98 |  4.9  3.1  3.5  4.0
168.000   20   29   20   21   11 |  61.7 B1   28% 58% |  174  0.70 | 0.116  0.23 0.99 |  3.2  2.6  3.4  4.4
176.000   28   25   16   17   14 |  48.6 G1    5% 38% |  163  0.65 | 0.116  0.23 1.00 |  4.2  3.5  4.8  5.0
184.000   28   23   13   17   19 |  46.1 F#1  13% 35% |  153  0.53 | 0.116  0.23 1.00 |  4.5  4.2  5.0  4.2
192.000   42   20    9   17   12 |  46.1 F#1  15% 42% |  113  0.23 | 0.580  1.14 0.99 |  5.5  4.5  5.8  4.8
200.000   32   25   10   19   14 |  41.9 E1   13% 45% |  117  0.27 | 0.116  0.23 0.99 |  5.2  4.1  4.9  4.5
208.000   34   20   10   22   13 |  46.1 F#1  15% 40% |  134  0.33 | 0.557  1.09 0.99 |  4.9  4.1  5.2  4.5
216.000   31   22    9   24   14 |  45.7 F#1  10% 42% |  127  0.31 | 0.116  0.23 1.00 |  5.1  3.8  4.1  3.9
224.000   35   20    9   22   14 |  46.2 F#1  14% 40% |  124  0.29 | 0.116  0.23 0.98 |  4.8  4.2  5.4  4.8
232.000   21   35   10   21   13 |  52.2 G#1   3% 47% |  135  0.33 | 0.116  0.23 0.99 |  5.0  3.2  4.6  4.2
240.000   18   24   17   23   17 |  61.7 B1   32% 60% |  156  0.59 | 0.116  0.23 0.99 |  3.2  3.0  3.4  3.2
248.000   29   20   14   21   15 |  54.7 A1   12% 44% |  164  0.63 | 0.116  0.23 1.00 |  3.8  2.6  3.1  3.6
256.000    0    1   39   58    1 |   0.0 -     0%  0% |  323 40.22 | 0.163  0.32 0.48 |  0.0  0.0  0.0  0.0
