# WhoLikesToParty  grain 3 s  STFT 16384 (0.372 s window)  pitch: YIN 100 ms / 10 ms hop  onsets: per second  subwob: yes
   t(s)  sub bass  lm  mid high | f0Hz note held vcd | cen   h/f | subwob beats depth | low click mid high
  0.000   51   20   10   13    7 |  46.5 F#1  22% 53% |  103  0.21 | 0.116  0.23 0.99 |  4.3  3.7  4.3  6.3
  3.000   48   21    8   13   10 |  46.2 F#1  20% 40% |  101  0.18 | 0.116  0.23 0.96 |  5.0  4.3  6.0  4.7
  6.000   37   28    9   14   11 |  38.1 D#1  37% 37% |  107  0.22 | 0.534  1.05 0.99 |  6.0  4.7  5.3  5.3
  9.000   44   24    9   13   10 |  46.7 F#1  20% 39% |  109  0.23 | 0.557  1.09 1.00 |  4.3  4.0  5.7  5.0
 12.000   33   32   13   13    9 |  41.5 E1   12% 50% |  102  0.20 | 0.116  0.23 0.99 |  5.3  4.0  5.0  5.7
 15.000   44   23   10   14   10 |  45.3 F#1  23% 46% |  109  0.23 | 0.534  1.05 0.99 |  5.3  4.3  5.3  4.7
 18.000   34   26   11   16   12 |  41.4 E1   18% 35% |  126  0.31 | 0.534  1.05 1.00 |  5.0  4.0  6.0  5.3
 21.000   43   21   12   16    9 |  46.8 F#1  17% 47% |  137  0.35 | 0.557  1.09 0.99 |  4.3  3.3  5.0  4.3
 24.000   43   23   10   15    9 |  48.7 G1   22% 43% |  116  0.24 | 0.116  0.23 0.94 |  4.3  4.0  5.7  3.7
 27.000   33   28   11   16   12 |  39.9 D#1   9% 39% |  127  0.33 | 0.116  0.23 1.00 |  5.0  4.3  5.3  5.0
 30.000   21   43   13   13   10 |  52.7 G#1   3% 49% |  135  0.34 | 0.116  0.23 0.99 |  4.3  3.7  4.7  5.3
 33.000   21   33   16   14   15 |  61.7 B1   14% 56% |  147  0.50 | 0.116  0.23 0.98 |  3.3  3.0  3.7  3.0
 36.000   24   25   20   20   12 |  61.7 B1   21% 57% |  164  0.65 | 0.116  0.23 0.99 |  3.7  3.0  3.3  3.7
 39.000   13   33   23   20   11 |  62.3 B1   35% 62% |  167  0.65 | 0.116  0.23 0.99 |  2.7  2.3  2.7  4.7
 42.000   31   26   18   16   10 |  55.3 A1    8% 56% |  142  0.44 | 0.116  0.23 0.97 |  3.7  3.3  4.0  4.3
 45.000   17   28   21   21   13 |  63.9 C2    5% 49% |  173  0.76 | 0.116  0.23 0.99 |  3.7  2.3  3.0  4.3
 48.000   43   21   12   12   12 |  43.2 F1   23% 34% |  144  0.60 | 0.116  0.23 1.00 |  4.7  4.3  5.7  5.3
 51.000   17   36    9   14   24 |  40.3 E1   77% 14% |  171  0.66 | 1.022  2.00 1.00 |  5.3  4.3  5.3  5.3
 54.000   15   29   15   16   24 |  40.1 E1   80% 16% |  186  0.88 | 1.022  2.00 1.00 |  5.3  5.3  6.0  4.7
 57.000   36   19   14   12   19 |  49.1 G1   17% 56% |  113  0.24 | 0.116  0.23 0.99 |  3.7  3.3  4.7  3.3
 60.000   40   24    9   15   12 |  44.0 F1    0% 29% |  116  0.23 | 0.116  0.23 0.99 |  5.0  5.0  6.0  4.3
 63.000   44   25    9   13   10 |  41.6 E1    6% 41% |  102  0.18 | 0.116  0.23 1.00 |  6.3  5.0  5.3  5.0
 66.000   50   21    9   13    7 |  46.2 F#1  15% 52% |   97  0.18 | 0.557  1.09 0.99 |  4.3  3.3  5.0  5.3
 69.000   31   31   12   14   12 |  41.4 E1   14% 51% |  103  0.19 | 0.116  0.23 0.98 |  5.7  4.0  4.3  5.0
 72.000   36   27   10   15   12 |  41.1 E1   24% 38% |  113  0.27 | 0.116  0.23 1.00 |  5.7  4.7  5.3  5.3
 75.000   40   22    9   18   11 |  49.0 G1   27% 41% |  117  0.23 | 0.116  0.23 1.00 |  4.7  4.3  5.3  3.7
 78.000   43   20   10   18    9 |  46.2 F#1  17% 48% |  120  0.27 | 0.557  1.09 0.99 |  4.3  3.7  5.0  4.7
 81.000   42   22    8   17   10 |  46.1 F#1  18% 45% |  108  0.21 | 0.557  1.09 0.96 |  4.7  4.3  5.7  5.7
 84.000   32   25   10   20   13 |  38.2 D#1  20% 33% |  131  0.36 | 0.116  0.23 1.00 |  5.3  4.0  5.3  4.0
 87.000   17   36   14   21   13 |  50.5 G#1  16% 46% |  147  0.35 | 0.511  1.00 0.99 |  5.0  3.7  5.0  5.0
 90.000   30   44    7   11    8 |  50.1 G1   17% 50% |   97  0.16 | 0.116  0.23 0.92 |  4.3  3.7  4.3  3.0
 93.000   42   21    8   18   11 |  46.1 F#1  21% 38% |  117  0.25 | 0.116  0.23 0.99 |  4.3  4.0  6.0  4.7
 96.000   34   24    9   20   13 |  41.1 E1   21% 37% |  124  0.27 | 0.534  1.05 0.99 |  5.7  4.7  5.7  4.3
 99.000   41   21   10   18   11 |  47.1 F#1  19% 41% |  129  0.31 | 0.580  1.14 1.00 |  4.3  4.0  5.0  3.7
102.000   28   31   12   19   11 |  40.3 E1   11% 50% |  124  0.31 | 0.116  0.23 0.96 |  5.7  4.0  5.0  4.3
105.000   22   44    9   14   11 |  65.1 C2   12% 51% |  119  0.24 | 0.116  0.23 0.99 |  5.3  3.3  4.3  4.0
108.000   31   28   11   20   11 |  55.0 A1   10% 58% |  127  0.28 | 0.116  0.23 0.98 |  4.0  3.7  4.0  4.0
111.000   13   31   19   26   11 |  63.5 C2   22% 60% |  171  0.71 | 0.116  0.23 0.98 |  4.0  2.7  3.0  4.3
114.000   11   30   20   25   13 |  63.4 B1   19% 57% |  179  0.78 | 1.045  2.05 0.99 |  3.7  3.0  3.7  3.7
117.000   33   22   13   22   11 |  55.1 A1   18% 59% |  136  0.35 | 0.116  0.23 0.95 |  4.3  3.0  3.7  4.7
120.000   19   23   16   25   17 |  61.1 B1    8% 43% |  160  0.67 | 0.116  0.23 0.99 |  4.0  3.0  3.3  4.7
123.000   41   33    6   11    9 |  41.3 E1   56% 30% |  101  0.16 | 0.116  0.23 1.00 |  5.3  4.7  7.0  6.0
126.000   22   40    9   15   14 |  41.2 E1   51% 23% |  135  0.35 | 1.022  2.00 1.00 |  6.0  5.3  6.0  5.3
129.000   25   24   18   15   18 |  42.3 E1   21% 33% |  157  0.65 | 0.116  0.23 1.00 |  4.3  4.3  6.3  5.7
132.000   43   20    8   17   12 |  48.8 G1   21% 42% |  124  0.28 | 0.557  1.09 1.00 |  4.7  3.3  4.7  4.7
135.000   41   21    9   17   11 |  47.2 F#1  17% 46% |  112  0.21 | 0.116  0.23 0.94 |  4.3  4.3  5.7  5.0
138.000   41   23    8   16   11 |  41.2 E1   25% 44% |  105  0.19 | 0.534  1.05 0.97 |  5.3  4.7  5.3  5.3
141.000   39   23    8   16   13 |  39.5 D#1  13% 35% |  108  0.22 | 0.116  0.23 1.00 |  5.0  4.0  5.7  5.3
144.000   21   29   14   20   16 |  49.4 G1   20% 43% |  123  0.32 | 1.045  2.05 0.99 |  5.7  4.0  4.7  4.3
147.000   40   21   10   18   12 |  46.5 F#1  23% 54% |  114  0.24 | 0.116  0.23 0.93 |  4.7  4.7  4.7  4.3
150.000   33   24   10   19   13 |  41.1 E1   25% 32% |  127  0.31 | 0.116  0.23 1.00 |  4.7  4.3  6.3  5.3
153.000   33   20   12   20   15 |  49.0 G1   21% 37% |  142  0.43 | 0.116  0.23 1.00 |  5.3  4.7  5.0  5.0
156.000   39   19   11   20   11 |  46.2 F#1  16% 45% |  124  0.31 | 0.116  0.23 1.00 |  4.3  3.0  4.3  4.3
159.000   28   27   13   18   14 |  41.4 E1   18% 46% |  137  0.39 | 0.116  0.23 0.99 |  4.7  3.7  4.7  4.7
162.000   18   41   11   14   17 |  65.6 C2   13% 50% |  141  0.34 | 0.116  0.23 1.00 |  5.7  3.0  3.0  4.3
165.000   27   29   16   17   12 |  55.9 A1   15% 55% |  146  0.42 | 0.116  0.23 0.97 |  4.0  3.0  3.7  3.3
168.000   19   28   20   21   11 |  61.9 B1   34% 58% |  174  0.68 | 0.116  0.23 0.98 |  3.3  2.7  3.3  4.3
171.000   11   32   23   23   11 |  65.3 C2    9% 59% |  191  0.94 | 1.045  2.05 0.99 |  2.7  2.3  3.3  4.3
174.000   32   24   17   17   11 |  51.4 G#1   4% 55% |  146  0.47 | 0.116  0.23 0.98 |  4.3  3.3  3.7  4.3
177.000   11   26   23   24   17 |  71.9 D2   31% 40% |  194  0.97 | 0.372  0.73 0.98 |  3.7  2.7  3.3  4.7
180.000   45   24   10   11   11 |  41.8 E1   36% 35% |  137  0.50 | 0.116  0.23 1.00 |  4.0  3.3  6.0  5.0
183.000   21   32   12   18   17 |  41.2 E1   55% 29% |  149  0.57 | 0.116  0.23 1.00 |  5.3  5.3  5.3  5.3
186.000   11   23   23   16   27 |  44.3 F1    3% 24% |  193  1.07 | 0.511  1.00 1.00 |  4.7  4.7  6.0  5.0
189.000   39   19    9   16   17 |  46.5 F#1  21% 49% |  113  0.24 | 0.116  0.23 0.99 |  4.0  3.3  4.0  3.3
192.000   42   20    9   16   13 |  49.0 G1   27% 41% |  119  0.24 | 0.116  0.23 0.94 |  5.0  5.0  6.0  4.7
195.000   41   23    8   17   11 |  39.0 D#1   3% 39% |  105  0.21 | 0.534  1.05 0.99 |  6.0  4.7  5.3  4.7
198.000   45   20    8   16   12 |  41.3 E1   12% 46% |  108  0.23 | 0.116  0.23 1.00 |  5.3  4.0  5.7  4.7
201.000   21   31   13   19   16 |  40.9 E1    9% 46% |  118  0.30 | 1.045  2.05 0.98 |  5.7  4.0  4.7  4.7
204.000   40   20    9   19   13 |  46.1 F#1  26% 46% |  113  0.24 | 0.116  0.23 0.98 |  5.0  4.7  5.3  4.7
207.000   26   24    9   25   15 |  39.8 D#1   6% 30% |  142  0.39 | 0.511  1.00 1.00 |  6.0  3.7  5.3  4.7
210.000   36   18    9   23   14 |  46.6 F#1  18% 44% |  144  0.40 | 0.116  0.23 1.00 |  4.3  4.0  4.7  4.3
213.000   36   20   10   22   12 |  46.3 F#1  17% 47% |  126  0.31 | 0.557  1.09 0.96 |  4.3  4.0  5.3  4.3
216.000   29   24   10   23   13 |  41.4 E1   13% 43% |  129  0.35 | 0.116  0.23 0.99 |  4.3  3.0  4.0  3.3
219.000   22   24    9   27   18 |  32.7 C1   24% 28% |  129  0.32 | 0.534  1.05 1.00 |  7.0  5.0  5.0  4.0
222.000   38   19    8   23   11 |  47.1 F#1  21% 49% |  126  0.29 | 0.116  0.23 1.00 |  4.3  3.7  4.0  4.7
225.000   37   21    9   20   13 |  46.6 F#1  16% 50% |  123  0.25 | 0.116  0.23 0.95 |  4.3  4.0  5.0  5.0
228.000   30   21    9   24   16 |  41.2 E1   27% 28% |  126  0.30 | 0.511  1.00 0.99 |  5.7  5.0  6.0  5.0
231.000   40   20    8   20   12 |  41.7 E1    9% 42% |  124  0.30 | 0.116  0.23 1.00 |  4.3  3.3  5.7  4.3
234.000   16   26   12   29   17 |  39.8 D#1   5% 43% |  142  0.40 | 0.511  1.00 0.99 |  6.0  4.3  5.0  4.7
237.000   16   47   10   16   11 |  73.4 D2   30% 61% |  118  0.22 | 0.116  0.23 0.99 |  3.7  1.7  3.0  3.3
240.000   30   21   13   21   14 |  56.7 A#1   7% 59% |  136  0.43 | 0.116  0.23 0.96 |  4.0  3.7  4.0  3.3
243.000   10   28   19   23   20 |  62.7 B1   34% 60% |  162  0.60 | 0.116  0.23 0.98 |  2.7  2.7  3.0  3.0
246.000   20   23   19   22   16 |  61.7 B1   36% 58% |  156  0.68 | 0.116  0.23 0.98 |  3.0  2.7  3.0  4.0
249.000   26   20   15   23   16 |  55.3 A1   22% 51% |  149  0.53 | 0.116  0.23 0.96 |  5.0  3.3  3.7  3.7
252.000   30   20   14   21   15 |  49.4 G1   11% 49% |  172  0.71 | 0.116  0.23 1.00 |  3.7  2.7  3.7  4.3
255.000    0    4   38   53    4 |   0.0 -     0%  0% |  341 65.98 | 0.116  0.23 0.99 |  0.3  0.0  0.0  0.0
