# WhoLikesToParty  grain beat (499 slices, bar-synchronous on the 116.98 bpm grid)  STFT 4096
   t(s)   dur  sub bass  lm  mid high | f0Hz note held vcd | cen   h/f | low click mid high
  0.053 0.513   57   16    9   14    3 |  41.1 E1   88% 51% |   90  0.16 |  3.9  3.9  5.8  7.8
  0.566 0.513   52   16   12   13    7 |  46.1 F#1  95% 73% |  113  0.27 |  3.9  3.9  1.9  5.8
  1.079 0.513   58   22    8    9    3 |  49.1 G1   83% 59% |   93  0.17 |  1.9  1.9  3.9  7.8
  1.592 0.513   43   25   12   10    9 |  55.0 A1   54% 80% |  130  0.41 |  3.9  1.9  1.9  3.9
  2.105 0.513   35   37    7   14    7 |  37.8 D#1  100% 21% |  334 13.01 |  7.8  5.8  7.8  7.8
  2.618 0.513   28   20   14   23   15 |  37.5 D1   100% 22% |  378 16.77 |  5.8  3.9  3.9  3.9
  3.131 0.513   37   26    5   14   18 |  37.5 D1   87% 29% |  308  5.20 |  5.8  5.8  5.8  3.9
  3.644 0.513   22   32   11   14   20 |  34.3 C#1  100%  6% |  110  0.29 |  7.8  7.8  7.8  3.9
  4.156 0.513   45   27    9   14    6 |  41.2 E1   100% 47% |  102  0.21 |  5.8  3.9  5.8  7.8
  4.669 0.513   49   15   10   16    9 |  46.2 F#1  86% 54% |  131  0.36 |  3.9  3.9  5.8  3.9
  5.182 0.513   55   22    9   11    3 |  49.1 G1   90% 57% |  100  0.23 |  1.9  1.9  3.9  3.9
  5.695 0.513   39   25   14   12   11 |  55.1 A1   51% 75% |  142  0.52 |  1.9  1.9  5.8  3.9
  6.208 0.513   40   36    6   12    5 |  37.3 D1   100% 24% |  320 13.18 |  7.8  5.8  5.8  5.8
  6.721 0.513   35   21   12   19   14 |  37.3 D1   100% 27% |  368 87.56 |  5.8  3.9  5.8  5.8
  7.234 0.513   39   27    6   14   14 |  37.2 D1   100% 33% |  194  1.06 |  7.8  3.9  3.9  5.8
  7.747 0.513   29   32   12   13   15 |  34.3 C#1  60% 29% |  109  0.23 |  7.8  7.8  7.8  3.9
  8.260 0.513   49   25    8   13    4 |  41.3 E1   100% 54% |   97  0.18 |  3.9  3.9  3.9  5.8
  8.773 0.513   49   16   11   15    9 |  46.2 F#1  77% 59% |  116  0.35 |  3.9  3.9  5.8  7.8
  9.285 0.513   54   25    8    9    3 |  49.6 G1   73% 63% |  102  0.19 |  3.9  3.9  3.9  3.9
  9.798 0.513   33   26   15   13   13 |  55.0 A1   42% 61% |  143  0.50 |  1.9  1.9  3.9  3.9
 10.311 0.513   33   40    7   13    7 |  37.1 D1   100% 16% |  354 24.09 |  3.9  1.9  7.8  7.8
 10.824 0.513   30   19   13   23   15 |  37.4 D1   100% 23% |  375 20.66 |  5.8  5.8  7.8  3.9
 11.337 0.513   31   28    6   14   21 |  37.4 D1   100% 20% |  334 12.22 |  5.8  5.8  5.8  3.9
 11.850 0.513   52   18    9   10   10 |  40.8 E1   53% 62% |   82  0.14 |  3.9  3.9  3.9  3.9
 12.363 0.513   29   45    8   12    6 |  32.8 C1   76% 41% |  107  0.20 |  5.8  3.9  7.8  7.8
 12.876 0.513   38   21   15   13   14 |  49.8 G1   81% 41% |  155  0.60 |  3.9  3.9  5.8  5.8
 13.389 0.513   11   42   23   19    5 |  65.0 C2   92% 73% |  184  0.74 |  3.9  1.9  1.9  5.8
 13.901 0.513   29   32   13   11   15 |  32.7 C1   64% 55% |  103  0.23 |  5.8  3.9  3.9  3.9
 14.414 0.513   29   43    7   13    7 |  31.0 B0   90% 19% |  282  5.76 |  7.8  5.8  5.8  5.8
 14.927 0.513   19   24   19   21   17 |  31.0 B0   90% 20% |  338 40.80 |  7.8  5.8  5.8  5.8
 15.440 0.513   23   32    7   17   22 |  31.0 B0   100% 16% |  321 10.61 |  7.8  3.9  5.8  3.9
 15.953 0.513   28   32   11   13   16 |  36.7 D1   59% 33% |  111  0.24 |  7.8  7.8  7.8  3.9
 16.466 0.513   49   22   10   14    5 |  41.1 E1   87% 61% |  103  0.23 |  3.9  3.9  5.8  5.8
 16.979 0.513   50   16   12   15    7 |  46.2 F#1  90% 75% |  118  0.28 |  1.9  1.9  3.9  5.8
 17.492 0.513   55   22    8   11    4 |  49.2 G1   91% 65% |  105  0.23 |  3.9  3.9  3.9  3.9
 18.005 0.513   37   24   15   13   11 |  55.1 A1   51% 76% |  159  0.64 |  1.9  1.9  3.9  3.9
 18.518 0.513   24   36   13   17   10 |  37.7 D1   100% 10% |  329 11.36 |  3.9  3.9  5.8  5.8
 19.030 0.513   32   21   12   22   13 |  37.3 D1   100% 25% |  344 11.59 |  5.8  3.9  5.8  3.9
 19.543 0.513   27   27   12   18   16 |  37.6 D1   85% 25% |  346 12.57 |  5.8  1.9  5.8  5.8
 20.056 0.513   26   32   11   14   16 |  34.4 C#1  60% 29% |  104  0.21 |  7.8  7.8  7.8  3.9
 20.569 0.513   37   30    9   17    7 |  41.5 E1   90% 41% |  141  0.35 |  3.9  3.9  7.8  7.8
 21.082 0.513   47   14   12   19    9 |  46.2 F#1  77% 58% |  151  0.48 |  3.9  3.9  5.8  3.9
 21.595 0.513   54   21   10   12    4 |  49.4 G1   84% 61% |  108  0.22 |  3.9  1.9  5.8  3.9
 22.108 0.513   29   26   16   16   13 |  55.4 A1   61% 73% |  156  0.65 |  1.9  1.9  1.9  3.9
 22.621 0.513   28   31   17   16    8 |  37.7 D1   91% 22% |  355 19.79 |  5.8  3.9  3.9  3.9
 23.134 0.513   38   20   12   18   12 |  37.0 D1   100% 31% |  301  9.97 |  5.8  5.8  5.8  5.8
 23.647 0.513   31   24   10   18   17 |  37.3 D1   87% 29% |  340 17.47 |  5.8  1.9  3.9  3.9
 24.159 0.513   24   30   12   15   18 |  34.5 C#1  100%  8% |  116  0.30 |  7.8  7.8  7.8  3.9
 24.672 0.513   46   24    9   15    6 |  41.2 E1   96% 50% |  120  0.25 |  3.9  3.9  3.9  5.8
 25.185 0.513   45   17   13   16   10 |  46.2 F#1  85% 51% |  136  0.37 |  3.9  3.9  5.8  3.9
 25.698 0.513   57   21    8   11    4 |  49.1 G1   86% 56% |  115  0.21 |  3.9  3.9  5.8  3.9
 26.211 0.513   35   24   14   15   12 |  55.1 A1   38% 67% |  158  0.62 |  1.9  1.9  5.8  3.9
 26.724 0.513   25   35   12   18    9 |  38.1 D#1  100% 16% |  363 18.83 |  3.9  3.9  5.8  3.9
 27.237 0.513   24   22   14   24   16 |  38.0 D#1  56% 35% |  345  3.87 |  5.8  3.9  5.8  3.9
 27.750 0.513   31   24   12   16   17 |  37.2 D1   86% 27% |  350 24.96 |  3.9  3.9  5.8  5.8
 28.263 0.513   50   19   10   11   10 |  40.9 E1   65% 60% |   83  0.14 |  3.9  3.9  5.8  3.9
 28.776 0.513   28   43    8   14    6 |  32.8 C1   67% 53% |  151  0.40 |  5.8  5.8  5.8  5.8
 29.288 0.513   30   20   16   19   15 |  49.7 G1   74% 37% |  196  0.87 |  5.8  3.9  3.9  3.9
 29.801 0.513    9   39   23   23    6 |  65.0 C2   87% 75% |  199  0.89 |  1.9  1.9  1.9  3.9
 30.314 0.513   20   33   14   15   17 |  32.9 C1   72% 49% |  132  0.32 |  5.8  3.9  5.8  3.9
 30.827 0.513   20   37   15   18   10 |  31.2 B0   100% 17% |  325  8.58 |  3.9  3.9  3.9  3.9
 31.340 0.513   20   26   18   20   15 |  30.9 B0   100% 25% |  278  3.78 |  5.8  5.8  5.8  5.8
 31.853 0.513    9   49   14   14   13 | 105.1 G#2  49% 73% |  146  0.27 |  5.8  3.9  5.8  7.8
 32.366 0.513   34   49    9    4    4 |  47.2 F#1  50% 46% |   86  0.11 |  1.9  1.9  3.9  5.8
 32.879 0.513    6   47    8    9   30 |  67.6 C#2  37% 96% |  134  0.36 |  1.9  1.9  3.9  1.9
 33.392 0.513   19   29   14   16   21 |  58.0 A#1  40% 38% |  139  0.47 |  3.9  1.9  3.9  0.0
 33.905 0.513   13   50   13   16    8 |  70.9 C#2  15% 67% |  153  0.43 |  1.9  1.9  1.9  3.9
 34.417 0.513    5   27   35   16   18 |  72.1 D2   55% 43% |  206  1.64 |  3.9  3.9  3.9  3.9
 34.930 0.513   43   32   10   11    4 |  53.1 G#1  10% 58% |  105  0.22 |  3.9  3.9  3.9  3.9
 35.443 0.513   19   23   27   18   13 |  60.4 B1   57% 45% |  192  0.99 |  3.9  3.9  3.9  3.9
 35.956 0.513   34   22   15   17   12 |  41.9 E1   48% 60% |  151  0.56 |  1.9  1.9  3.9  3.9
 36.469 0.513   46   19   11   11   13 |  41.6 E1   67% 59% |   99  0.23 |  5.8  5.8  5.8  3.9
 36.982 0.513   13   29   26   24    8 |  66.3 C2    6% 62% |  232  1.91 |  3.9  3.9  3.9  3.9
 37.495 0.513   12   31   23   23   12 |  62.8 B1   53% 59% |  236  1.83 |  1.9  1.9  1.9  3.9
 38.008 0.513   12   31   24   25    7 |  64.5 C2   15% 67% |  224  1.34 |  3.9  1.9  1.9  3.9
 38.521 0.513    5   26   31   19   19 |  72.2 D2   86% 27% |  224  2.14 |  5.8  3.9  3.9  3.9
 39.034 0.513   21   42   16   16    6 |  59.5 A#1  19% 63% |  143  0.54 |  1.9  1.9  3.9  5.8
 39.546 0.513    7   28   34   22   10 |  69.8 C#2   5% 77% |  202  1.17 |  3.9  1.9  1.9  3.9
 40.059 0.513    6   46   18   17   13 |  73.5 D2   79% 55% |  164  0.58 |  1.9  1.9  1.9  3.9
 40.572 0.513   14   24   29   19   14 |  60.6 B1   59% 53% |  184  0.93 |  1.9  1.9  1.9  3.9
 41.085 0.513   14   34   22   22    9 |  62.0 B1   57% 58% |  235  1.92 |  3.9  3.9  3.9  5.8
 41.598 0.513   10   30   24   23   13 |  67.9 C#2   3% 57% |  230  1.90 |  3.9  3.9  3.9  5.8
 42.111 0.513   13   33   23   24    7 |  63.3 B1   29% 67% |  212  1.21 |  1.9  1.9  1.9  3.9
 42.624 0.513    5   27   36   17   16 |  72.2 D2   56% 53% |  190  1.24 |  1.9  1.9  3.9  3.9
 43.137 0.513   44   32   11    9    4 |  52.1 G#1  10% 61% |  105  0.22 |  1.9  1.9  3.9  3.9
 43.650 0.513   23   22   23   19   13 |  57.9 A#1   7% 52% |  189  0.91 |  5.8  3.9  3.9  3.9
 44.163 0.513   35   22   13   18   12 |  41.7 E1   57% 59% |  146  0.47 |  1.9  1.9  1.9  3.9
 44.675 0.513   48   19   11   11   12 |  41.6 E1   61% 63% |   95  0.20 |  5.8  5.8  5.8  3.9
 45.188 0.513   14   33   21   24    7 |  62.1 B1   70% 45% |  257  2.48 |  3.9  3.9  3.9  5.8
 45.701 0.513   15   22   22   28   14 |  57.2 A#1  39% 45% |  270  2.66 |  3.9  1.9  1.9  3.9
 46.214 0.513   16   45   15   18    6 |  60.0 B1    3% 60% |  151  0.55 |  5.8  1.9  1.9  3.9
 46.727 0.513    5   26   35   16   18 |  72.2 D2   65% 39% |  204  2.09 |  3.9  1.9  3.9  3.9
 47.240 0.513    9   27   25   21   18 |  84.8 E2   59% 42% |  205  1.51 |  3.9  3.9  5.8  5.8
 47.753 0.513    7   22   23   25   22 |  72.3 D2   93% 29% |  265  3.58 |  1.9  1.9  1.9  3.9
 48.266 0.513    8   18   18   28   28 |  54.9 A1   100% 12% |  387 30.86 |  5.8  5.8  5.8  3.9
 48.779 0.513   55   19   11    7    8 |  44.8 F1   31% 75% |   80  0.12 |  3.9  1.9  1.9  5.8
 49.292 0.513   68   17    8    4    3 |  41.3 E1   91% 63% |   80  0.12 |  1.9  1.9  7.8  5.8
 49.804 0.513    9   18   20   29   23 |  40.5 E1   88% 15% |  393 56.65 |  5.8  5.8  5.8  5.8
 50.317 0.513   25   53    5    8    9 |  40.3 E1   78% 18% |  286  4.21 |  5.8  5.8  7.8  5.8
 50.830 0.513   11   22   15   13   39 |  40.2 E1   75% 16% |  324  8.00 |  5.8  1.9  5.8  5.8
 51.343 0.513   20   47    6   16   12 |  39.9 D#1  78% 17% |  351 23.28 |  3.9  3.9  3.9  5.8
 51.856 0.513   11   23   18   20   28 |  40.7 E1   75% 16% |  362 14.04 |  3.9  3.9  5.8  5.8
 52.369 0.513   18   39    4   14   25 |  40.3 E1   78% 17% |  359 19.49 |  5.8  3.9  3.9  3.9
 52.882 0.513   12   24   15   11   39 |  40.3 E1   75% 16% |  312  4.63 |  5.8  5.8  5.8  3.9
 53.395 0.513   25   54    6    9    7 |  40.2 E1   78% 17% |  295  6.57 |  5.8  5.8  5.8  5.8
 53.908 0.513   11   21   18   24   26 |  40.0 D#1  86% 14% |  340  6.51 |  5.8  5.8  5.8  5.8
 54.421 0.513   24   52    5   11    8 |  40.3 E1   80% 20% |  289  4.36 |  5.8  5.8  7.8  5.8
 54.933 0.513   11   23   14   16   36 |  40.4 E1   75% 15% |  302  9.25 |  5.8  5.8  7.8  1.9
 55.446 0.513   19   46    5   18   12 |  40.3 E1   78% 18% |  347 43.15 |  3.9  3.9  1.9  3.9
 55.959 0.513   12   22   18   19   29 |  40.0 D#1  75% 15% |  365 13.04 |  3.9  3.9  5.8  5.8
 56.472 0.513    8   15   32    9   37 |  39.9 D#1  86% 14% |  229  4.02 |  5.8  5.8  5.8  3.9
 56.985 0.513    3   17   39   19   22 |  83.3 E2   64% 71% |  215  3.36 |  3.9  3.9  3.9  5.8
 57.498 0.513   27   13    5    8   47 |  41.3 E1   82% 54% |   93  0.18 |  3.9  3.9  5.8  1.9
 58.011 0.513   43   13   10   13   21 |  46.3 F#1  100% 61% |  117  0.30 |  3.9  1.9  3.9  0.0
 58.524 0.513   56   21    8    9    6 |  49.1 G1   81% 62% |   95  0.16 |  3.9  3.9  5.8  1.9
 59.037 0.513   39   24   14   12   12 |  55.0 A1   42% 71% |  151  0.58 |  1.9  1.9  1.9  3.9
 59.550 0.513   26   43    7   15    9 |  38.9 D#1  100% 10% |  340 16.40 |  5.8  5.8  7.8  7.8
 60.062 0.513   30   20   12   23   14 |  37.3 D1   100% 21% |  373 19.90 |  3.9  3.9  5.8  3.9
 60.575 0.513   31   28    5   14   21 |  37.4 D1   91% 22% |  343 12.53 |  5.8  5.8  5.8  3.9
 61.088 0.513   23   30   12   15   21 |  34.4 C#1  75%  8% |  108  0.27 |  7.8  7.8  7.8  3.9
 61.601 0.513   36   32    9   15    8 |  41.4 E1   88% 33% |  144  0.40 |  5.8  5.8  7.8  5.8
 62.114 0.513   51   14   11   16    8 |  46.2 F#1  86% 57% |  118  0.30 |  3.9  3.9  3.9  3.9
 62.627 0.513   58   20    8   10    4 |  49.1 G1   90% 58% |   99  0.22 |  1.9  1.9  3.9  3.9
 63.140 0.513   38   25   14   12   11 |  55.0 A1   54% 76% |  141  0.52 |  3.9  3.9  5.8  5.8
 63.653 0.513   42   35    6   12    6 |  37.3 D1   93% 27% |  320 15.43 |  5.8  5.8  3.9  5.8
 64.166 0.513   37   20   12   19   13 |  37.2 D1   87% 29% |  349 84.15 |  5.8  3.9  5.8  5.8
 64.678 0.513   42   26    5   13   13 |  37.0 D1   95% 37% |  119  0.40 |  7.8  3.9  3.9  3.9
 65.191 0.513   29   31   12   13   15 |  34.6 C#1  67% 29% |  109  0.23 |  7.8  7.8  7.8  3.9
 65.704 0.513   47   26    9   13    4 |  41.3 E1   97% 57% |   96  0.18 |  5.8  3.9  3.9  5.8
 66.217 0.513   49   15   11   15    9 |  46.2 F#1  77% 58% |  112  0.28 |  3.9  3.9  5.8  7.8
 66.730 0.513   60   20    8    9    3 |  49.1 G1   76% 67% |   96  0.17 |  3.9  3.9  5.8  3.9
 67.243 0.513   34   25   16   13   12 |  54.9 A1   42% 65% |  140  0.48 |  3.9  3.9  3.9  3.9
 67.756 0.513   37   37    6   12    7 |  36.9 D1   91% 21% |  354 18.80 |  5.8  1.9  7.8  7.8
 68.269 0.513   36   20   10   21   13 |  37.2 D1   93% 27% |  377 20.43 |  5.8  3.9  3.9  3.9
 68.782 0.513   37   28    4   13   18 |  37.4 D1   86% 27% |  331  9.26 |  5.8  5.8  5.8  3.9
 69.295 0.513   49   20    9   12   11 |  39.9 D#1  21% 57% |   82  0.13 |  3.9  3.9  3.9  3.9
 69.807 0.513   25   48    7   13    8 |  32.8 C1   67% 46% |  104  0.20 |  5.8  3.9  5.8  7.8
 70.320 0.513   41   18   14   13   14 |  49.5 G1   67% 47% |  141  0.39 |  5.8  3.9  3.9  3.9
 70.833 0.513   12   39   22   21    6 |  65.0 C2   89% 73% |  198  0.96 |  1.9  1.9  1.9  5.8
 71.346 0.513   34   29   13   10   14 |  33.0 C1   55% 63% |  100  0.20 |  7.8  3.9  3.9  3.9
 71.859 0.513   21   50    7   14    7 |  31.2 B0   100% 22% |  277  3.31 |  7.8  3.9  5.8  7.8
 72.372 0.513   17   32   16   19   16 |  31.2 B0   100% 25% |  338 41.49 |  7.8  5.8  5.8  5.8
 72.885 0.513   17   39    6   16   22 |  31.2 B0   100% 20% |  317 12.54 |  7.8  5.8  5.8  3.9
 73.398 0.513   29   31   11   13   16 |  36.5 D1   62% 31% |  111  0.23 |  7.8  7.8  7.8  3.9
 73.911 0.513   48   22    9   15    6 |  41.2 E1   87% 60% |  103  0.18 |  3.9  3.9  5.8  5.8
 74.424 0.513   51   16   11   15    7 |  46.2 F#1  95% 73% |  118  0.29 |  1.9  1.9  1.9  3.9
 74.936 0.513   57   20    8   11    4 |  49.1 G1   89% 69% |   93  0.17 |  1.9  1.9  1.9  3.9
 75.449 0.513   37   24   12   15   11 |  54.9 A1   54% 76% |  142  0.42 |  1.9  1.9  3.9  3.9
 75.962 0.513   21   28    8   31   11 |  38.0 D#1  100% 16% |  460 99.00 |  5.8  5.8  7.8  3.9
 76.475 0.513   34   20   12   21   12 |  37.2 D1   100% 27% |  342  9.97 |  5.8  3.9  3.9  3.9
 76.988 0.513   27   26    6   24   18 |  37.2 D1   92% 24% |  390 32.95 |  3.9  3.9  5.8  3.9
 77.501 0.513   28   31   10   15   15 |  34.4 C#1  62% 25% |  103  0.23 |  7.8  7.8  7.8  3.9
 78.014 0.513   39   28   10   17    7 |  41.5 E1   100% 47% |  114  0.26 |  3.9  3.9  7.8  7.8
 78.527 0.513   48   14   11   19    9 |  46.2 F#1  86% 57% |  126  0.36 |  3.9  3.9  3.9  3.9
 79.040 0.513   54   19    8   14    4 |  49.1 G1   78% 62% |  102  0.26 |  3.9  1.9  1.9  3.9
 79.553 0.513   31   26   15   17   12 |  55.1 A1   61% 75% |  151  0.59 |  1.9  1.9  3.9  3.9
 80.065 0.513   27   30    8   25   11 |  37.3 D1   100% 19% |  372 99.00 |  5.8  5.8  7.8  3.9
 80.578 0.513   31   21   13   20   14 |  37.2 D1   100% 24% |  371 19.25 |  5.8  3.9  5.8  5.8
 81.091 0.513   28   23    5   27   17 |  37.3 D1   94% 31% |  389 13.16 |  5.8  3.9  3.9  3.9
 81.604 0.513   24   33   12   15   16 |  34.7 C#1  67% 23% |  112  0.27 |  7.8  7.8  7.8  3.9
 82.117 0.513   45   25    9   16    6 |  41.2 E1   100% 51% |  114  0.21 |  3.9  3.9  3.9  5.8
 82.630 0.513   45   15   11   19   10 |  46.2 F#1  79% 56% |  117  0.31 |  3.9  3.9  5.8  5.8
 83.143 0.513   55   21    8   12    4 |  49.1 G1   81% 63% |  116  0.22 |  3.9  3.9  3.9  5.8
 83.656 0.513   28   26   14   18   14 |  55.0 A1   32% 67% |  157  0.56 |  1.9  1.9  5.8  5.8
 84.169 0.513   21   29    8   31   11 |  36.8 D1   100% 13% |  451 99.00 |  5.8  3.9  7.8  3.9
 84.682 0.513   27   20   14   24   15 |  37.1 D1   100% 22% |  348 12.45 |  7.8  5.8  5.8  3.9
 85.194 0.513   23   23    8   27   19 |  37.5 D1   91% 21% |  422 54.54 |  3.9  1.9  3.9  3.9
 85.707 0.513   50   18   10   12   10 |  40.7 E1   61% 61% |   85  0.17 |  3.9  3.9  3.9  3.9
 86.220 0.513   26   41    7   18    8 |  32.8 C1   67% 40% |  136  0.29 |  5.8  3.9  7.8  5.8
 86.733 0.513   32   21   14   18   16 |  50.0 G1   79% 37% |  166  0.79 |  3.9  3.9  3.9  3.9
 87.246 0.513   10   40   22   23    6 |  65.0 C2   90% 76% |  190  0.79 |  1.9  1.9  1.9  3.9
 87.759 0.513   24   31   12   16   17 |  32.8 C1   63% 52% |  121  0.27 |  5.8  3.9  5.8  3.9
 88.272 0.513   19   31    9   30   11 |  30.9 B0   100% 16% |  421 74.41 |  5.8  3.9  3.9  3.9
 88.785 0.513   18   24   18   22   18 |  30.9 B0   100% 19% |  300  3.84 |  7.8  3.9  5.8  5.8
 89.298 0.513    9   44   11   22   15 | 104.4 G#2  44% 76% |  182  0.33 |  3.9  3.9  5.8  7.8
 89.811 0.513    7   75    7    5    6 |  76.4 D#2  25% 55% |   94  0.05 |  7.8  7.8  7.8  3.9
 90.323 0.513   22   62    4    6    6 |  40.7 E1   50% 54% |   81  0.05 |  5.8  1.9  5.8  1.9
 90.836 0.513   39   31    9   12    9 |  46.3 F#1  74% 37% |  101  0.14 |  3.9  3.9  1.9  1.9
 91.349 0.513   52   25    7   11    5 |  49.4 G1   77% 60% |  102  0.16 |  3.9  3.9  3.9  3.9
 91.862 0.513   31   25   14   17   14 |  55.7 A1   50% 67% |  151  0.47 |  1.9  1.9  1.9  3.9
 92.375 0.513   20   30   10   27   13 |  38.1 D#1  100% 10% |  368  9.99 |  3.9  3.9  5.8  1.9
 92.888 0.513   31   20   13   23   14 |  37.3 D1   100% 25% |  315  5.49 |  3.9  3.9  5.8  3.9
 93.401 0.513   23   25    5   27   19 |  37.7 D1   100% 22% |  435 49.58 |  5.8  3.9  5.8  3.9
 93.914 0.513   24   32   11   15   19 |  34.6 C#1  75% 23% |  108  0.22 |  7.8  7.8  7.8  3.9
 94.427 0.513   34   30    9   19    8 |  41.3 E1   95% 39% |  145  0.37 |  3.9  3.9  7.8  5.8
 94.940 0.513   49   14   10   18    9 |  46.2 F#1  83% 57% |  124  0.32 |  3.9  3.9  5.8  5.8
 95.452 0.513   56   19    8   13    4 |  49.1 G1   87% 60% |  116  0.27 |  1.9  1.9  1.9  3.9
 95.965 0.513   33   23   13   17   14 |  55.3 A1   41% 73% |  150  0.56 |  1.9  1.9  5.8  3.9
 96.478 0.513   30   27    6   27    9 |  37.3 D1   100% 29% |  432 99.00 |  5.8  3.9  5.8  3.9
 96.991 0.513   36   21   13   19   12 |  37.2 D1   100% 31% |  308 15.00 |  7.8  7.8  5.8  5.8
 97.504 0.513   28   22    5   26   18 |  37.3 D1   93% 27% |  405 38.92 |  3.9  1.9  3.9  3.9
 98.017 0.513   23   32   12   15   17 |  31.0 B0   57% 13% |  114  0.27 |  7.8  7.8  7.8  3.9
 98.530 0.513   44   24    8   17    7 |  41.2 E1   100% 47% |  116  0.23 |  5.8  3.9  5.8  5.8
 99.043 0.513   44   16   12   18   10 |  46.3 F#1  88% 48% |  128  0.34 |  3.9  3.9  5.8  5.8
 99.556 0.513   57   20    8   11    4 |  49.1 G1   82% 65% |  104  0.20 |  3.9  3.9  5.8  3.9
100.069 0.513   30   26   14   16   14 |  55.4 A1   36% 63% |  155  0.58 |  1.9  1.9  3.9  1.9
100.581 0.513   35   27    7   22    9 |  37.4 D1   100% 22% |  380 99.00 |  3.9  3.9  3.9  1.9
101.094 0.513   23   22   15   25   16 |  38.1 D#1  89% 18% |  332  6.79 |  7.8  5.8  5.8  3.9
101.607 0.513   26   22    7   26   19 |  37.3 D1   92% 25% |  380 30.71 |  5.8  3.9  5.8  3.9
102.120 0.513   49   19    9   12   11 |  39.3 D#1  17% 57% |   85  0.13 |  5.8  5.8  5.8  3.9
102.633 0.513   25   41    9   18    7 |  32.9 C1   67% 52% |  134  0.31 |  5.8  3.9  7.8  5.8
103.146 0.513   28   21   14   20   16 |  49.7 G1   71% 33% |  183  0.74 |  5.8  3.9  5.8  3.9
103.659 0.513    9   40   22   23    6 |  65.0 C2   85% 78% |  203  0.93 |  1.9  1.9  1.9  3.9
104.172 0.513   20   32   12   17   19 |  32.8 C1   70% 44% |  126  0.31 |  5.8  3.9  3.9  3.9
104.685 0.513   20   34    6   30   10 |  31.0 B0   100% 25% |  414 31.38 |  7.8  5.8  3.9  5.8
105.198 0.513   20   27   17   21   15 |  31.0 B0   100% 25% |  253  1.41 |  7.8  3.9  5.8  7.8
105.710 0.513    9   47   12   17   16 | 104.8 G#2  49% 73% |  132  0.19 |  5.8  3.9  5.8  3.9
106.223 0.513   37   47    8    4    4 |  47.2 F#1  55% 43% |   84  0.10 |  3.9  1.9  1.9  5.8
106.736 0.513    9   56    7   14   13 |  68.1 C#2  41% 88% |  102  0.15 |  3.9  3.9  3.9  1.9
107.249 0.513   21   32   12   19   16 |  58.2 A#1  35% 45% |  126  0.38 |  5.8  1.9  3.9  0.0
107.762 0.513   13   49   10   20    8 |  71.6 D2   44% 65% |  151  0.35 |  3.9  3.9  1.9  3.9
108.275 0.513    5   27   27   23   19 |  72.4 D2   60% 39% |  214  1.47 |  0.0  0.0  3.9  3.9
108.788 0.513   39   36    6   15    4 |  57.1 A#1   9% 65% |  109  0.17 |  3.9  3.9  3.9  3.9
109.301 0.513   21   21   16   28   14 |  41.8 E1   50% 54% |  189  0.83 |  3.9  3.9  3.9  3.9
109.814 0.513   30   21    9   25   15 |  43.1 F1    3% 63% |  201  0.70 |  3.9  3.9  3.9  3.9
110.327 0.513   47   19   10   12   12 |  42.2 E1   56% 62% |   95  0.21 |  7.8  5.8  5.8  3.9
110.839 0.513   12   29   19   32    8 |  65.3 C2   15% 65% |  196  1.04 |  7.8  5.8  3.9  5.8
111.352 0.513   11   31   18   26   14 |  62.9 B1   55% 57% |  186  1.12 |  5.8  3.9  3.9  3.9
111.865 0.513   12   30   23   26    8 |  66.8 C2    6% 62% |  229  2.11 |  1.9  0.0  1.9  3.9
112.378 0.513    5   26   27   22   20 |  72.1 D2   69% 31% |  207  1.95 |  3.9  3.9  3.9  3.9
112.891 0.513   21   38   10   24    7 |  56.3 A1   44% 62% |  152  0.52 |  3.9  1.9  3.9  3.9
113.404 0.513    8   27   26   28   11 |  64.1 C2    7% 86% |  200  1.19 |  1.9  1.9  1.9  3.9
113.917 0.513    5   46   15   21   13 |  73.5 D2   82% 55% |  162  0.54 |  3.9  3.9  1.9  3.9
114.430 0.513   13   24   27   23   14 |  60.2 B1   59% 52% |  185  0.90 |  0.0  0.0  1.9  3.9
114.943 0.513   14   32   20   25   10 |  62.0 B1   61% 55% |  194  1.14 |  5.8  3.9  3.9  1.9
115.455 0.513    9   28   20   28   14 |  64.9 C2   18% 54% |  211  1.64 |  3.9  3.9  3.9  5.8
115.968 0.513   13   30   20   28    9 |  63.3 B1   27% 73% |  246  1.79 |  1.9  1.9  3.9  3.9
116.481 0.513    5   26   27   23   20 |  72.1 D2   52% 48% |  204  1.26 |  5.8  3.9  5.8  3.9
116.994 0.513   41   32    6   16    5 |  52.7 G#1  13% 61% |   87  0.14 |  3.9  3.9  3.9  5.8
117.507 0.513   19   23   17   27   14 |  60.7 B1   50% 47% |  177  0.74 |  5.8  3.9  3.9  3.9
118.020 0.513   32   23   10   22   13 |  41.6 E1   48% 63% |  150  0.45 |  1.9  1.9  3.9  3.9
118.533 0.513   44   19   10   15   12 |  41.5 E1   67% 59% |  108  0.23 |  7.8  3.9  3.9  3.9
119.046 0.513   13   30   22   26    8 |  64.6 C2   17% 67% |  206  1.33 |  3.9  1.9  3.9  5.8
119.559 0.513   20   23   17   25   14 |  55.7 A1   54% 51% |  197  0.98 |  3.9  3.9  3.9  5.8
120.072 0.513   14   44   11   23    7 |  61.6 B1    3% 57% |  152  0.52 |  1.9  0.0  1.9  3.9
120.584 0.513    5   23   28   25   19 |  72.3 D2   63% 37% |  202  2.02 |  3.9  3.9  1.9  1.9
121.097 0.513    8   25   20   28   19 |  86.4 F2   55% 39% |  214  1.49 |  3.9  3.9  5.8  5.8
121.610 0.513    7   20   19   32   21 |  71.9 D2   58% 46% |  232  1.86 |  3.9  1.9  1.9  3.9
122.123 0.513   10   18   14   30   28 |  54.4 A1   83% 12% |  406 40.60 |  5.8  3.9  3.9  5.8
122.636 0.513   57   13   10   12    9 |  43.9 F1   59% 90% |   94  0.17 |  1.9  1.9  3.9  5.8
123.149 0.513   63   18    7    8    4 |  41.4 E1   93% 56% |   83  0.13 |  5.8  3.9  7.8  7.8
123.662 0.513   19   40    6   25   10 |  40.3 E1   80% 20% |  391 63.89 |  5.8  5.8  5.8  5.8
124.175 0.513   25   54    4    8    8 |  40.2 E1   78% 17% |  298  3.38 |  5.8  3.9  7.8  5.8
124.688 0.513   23   45    4    9   19 |  39.9 D#1  88% 16% |  309  7.12 |  5.8  5.8  7.8  3.9
125.201 0.513   20   46    6   16   13 |  40.4 E1   80% 20% |  350 33.69 |  5.8  5.8  7.8  7.8
125.713 0.513   22   47    6   15   10 |  40.4 E1   78% 17% |  366 12.12 |  5.8  5.8  5.8  5.8
126.226 0.513   25   32   16   12   15 |  41.3 E1   76% 49% |  164  0.82 |  5.8  3.9  1.9  1.9
126.739 0.513    7   19   16   27   31 |  86.7 F2   60% 19% |  273  3.35 |  3.9  3.9  5.8  3.9
127.252 0.513   24   54    6   10    7 |  40.0 D#1  75% 16% |  299  4.60 |  5.8  5.8  5.8  5.8
127.765 0.513   23   45    5   18   10 |  40.4 E1   80% 20% |  313  7.07 |  7.8  5.8  7.8  5.8
128.278 0.513   23   52    5   12    9 |  40.3 E1   78% 17% |  289  4.43 |  7.8  7.8  7.8  7.8
128.791 0.513   22   45    4   11   18 |  40.2 E1   67% 18% |  294  6.24 |  5.8  5.8  7.8  3.9
129.304 0.513   19   46    5   17   12 |  40.3 E1   78% 17% |  351 30.09 |  3.9  3.9  3.9  3.9
129.817 0.513   22   46    7   15   11 |  39.9 D#1  88% 16% |  368 13.49 |  3.9  3.9  7.8  9.8
130.330 0.513    7   17   28   15   33 |  81.2 E2   60% 39% |  226  2.78 |  1.9  1.9  5.8  1.9
130.842 0.513    4   16   35   15   29 |  82.2 E2   72% 56% |  195  1.68 |  5.8  5.8  7.8  5.8
131.355 0.513   50   22   10   13    5 |  41.2 E1   86% 55% |   96  0.19 |  3.9  3.9  5.8  9.8
131.868 0.513   47   15   11   18   10 |  46.2 F#1  83% 58% |  117  0.31 |  1.9  1.9  3.9  5.8
132.381 0.513   55   18    8   12    7 |  49.1 G1   90% 61% |   98  0.20 |  1.9  1.9  1.9  3.9
132.894 0.513   30   23   13   19   16 |  55.0 A1   38% 65% |  164  0.58 |  1.9  1.9  3.9  1.9
133.407 0.513   28   29    6   26   11 |  37.5 D1   100% 22% |  369 46.89 |  7.8  3.9  7.8  5.8
133.920 0.513   28   22   13   22   15 |  37.4 D1   100% 22% |  371 16.20 |  9.8  5.8  5.8  5.8
134.433 0.513   37   26    5   13   18 |  37.4 D1   100% 27% |  300  4.75 |  3.9  3.9  3.9  3.9
134.946 0.513   22   32   12   14   20 |  34.1 C#1  100%  6% |  110  0.25 |  5.8  5.8  5.8  1.9
135.459 0.513   42   26    9   15    8 |  41.2 E1   88% 50% |  112  0.26 |  3.9  3.9  7.8  7.8
135.971 0.513   43   14   11   19   13 |  46.1 F#1  86% 55% |  128  0.38 |  3.9  3.9  3.9  3.9
136.484 0.513   51   19    9   16    6 |  49.2 G1   100% 57% |  101  0.23 |  3.9  3.9  3.9  3.9
136.997 0.513   32   23   14   17   14 |  55.4 A1   51% 75% |  151  0.58 |  1.9  1.9  5.8  5.8
137.510 0.513   30   30    5   24   10 |  37.2 D1   92% 24% |  418 27.29 |  7.8  7.8  5.8  5.8
138.023 0.513   36   21   12   18   13 |  37.0 D1   100% 27% |  357 89.55 |  5.8  3.9  7.8  7.8
138.536 0.513   40   26    6   14   13 |  37.1 D1   94% 35% |  282  3.20 |  3.9  1.9  1.9  1.9
139.049 0.513   29   31   11   13   15 |  34.3 C#1  60% 29% |  107  0.23 |  7.8  7.8  7.8  3.9
139.562 0.513   47   24    9   15    6 |  41.3 E1   100% 58% |   98  0.18 |  3.9  3.9  3.9  7.8
140.075 0.513   38   16   11   20   15 |  46.3 F#1  76% 57% |  133  0.44 |  5.8  5.8  7.8  7.8
140.588 0.513   53   20    8   15    5 |  49.9 G1   74% 67% |   99  0.18 |  1.9  1.9  1.9  3.9
141.100 0.513   25   23   14   21   17 |  55.0 A1   46% 55% |  147  0.54 |  1.9  1.9  1.9  3.9
141.613 0.513   24   29    7   23   17 |  37.1 D1   100% 18% |  343 51.96 |  3.9  1.9  7.8  7.8
142.126 0.513   32   19   12   22   15 |  37.7 D1   92% 23% |  377 23.24 |  5.8  3.9  5.8  3.9
142.639 0.513   32   27    6   14   20 |  37.7 D1   91% 22% |  322  8.47 |  9.8  7.8  7.8  5.8
143.152 0.513   48   20    9   12   12 |  40.0 D#1  26% 52% |   83  0.15 |  5.8  5.8  5.8  1.9
143.665 0.513   29   41    8   14    8 |  32.8 C1   75% 39% |  107  0.20 |  5.8  3.9  5.8  7.8
144.178 0.513   30   18   13   19   19 |  49.9 G1   71% 41% |  179  0.72 |  3.9  3.9  3.9  3.9
144.691 0.513    9   35   22   23   11 |  64.9 C2   90% 75% |  203  0.95 |  0.0  0.0  1.9  3.9
145.204 0.513   27   29   12   15   17 |  32.8 C1   62% 57% |  106  0.23 |  5.8  3.9  3.9  3.9
145.717 0.513   21   34    9   21   16 |  30.9 B0   100% 17% |  322  7.48 |  9.8  7.8  7.8  5.8
146.229 0.513   16   19   16   25   24 |  30.9 B0   90% 20% |  343 42.52 |  7.8  5.8  5.8  5.8
146.742 0.513   17   24    7   26   27 |  31.0 B0   80% 20% |  371 18.24 |  5.8  3.9  3.9  1.9
147.255 0.513   23   28   11   20   18 |  36.6 D1   67% 23% |  114  0.28 |  7.8  7.8  7.8  3.9
147.768 0.513   47   23    9   15    6 |  41.2 E1   79% 67% |  107  0.22 |  3.9  3.9  5.8  7.8
148.281 0.513   45   16   11   18   10 |  46.1 F#1  97% 75% |  115  0.25 |  3.9  3.9  1.9  5.8
148.794 0.513   52   19    8   16    5 |  49.3 G1   89% 69% |  116  0.23 |  3.9  3.9  3.9  3.9
149.307 0.513   29   23   15   18   15 |  55.5 A1   53% 69% |  168  0.65 |  1.9  1.9  3.9  1.9
149.820 0.513   17   27   18   23   15 |  38.3 D#1  100% 10% |  345 28.12 |  3.9  3.9  5.8  3.9
150.333 0.513   32   21   12   22   13 |  37.3 D1   81% 31% |  322  4.10 |  7.8  5.8  5.8  5.8
150.846 0.513   29   27   10   17   17 |  37.5 D1   93% 27% |  339 13.22 |  1.9  1.9  5.8  1.9
151.358 0.513   28   32   10   13   16 |  34.5 C#1  64% 27% |  103  0.20 |  7.8  7.8  9.8  3.9
151.871 0.513   36   29    9   18    8 |  41.5 E1   95% 42% |  136  0.30 |  5.8  5.8  5.8  9.8
152.384 0.513   44   13   10   21   12 |  46.1 F#1  77% 59% |  153  0.55 |  1.9  1.9  5.8  5.8
152.897 0.513   48   19    9   16    8 |  49.2 G1   77% 61% |  120  0.29 |  1.9  1.9  1.9  3.9
153.410 0.513   26   25   16   18   15 |  55.5 A1   61% 69% |  159  0.65 |  1.9  1.9  1.9  3.9
153.923 0.513   24   28   14   20   13 |  37.8 D1   91% 22% |  361 37.02 |  3.9  3.9  3.9  3.9
154.436 0.513   24   17   15   24   20 |  37.5 D1   92% 23% |  311  8.18 |  9.8  7.8  7.8  7.8
154.949 0.513   26   20   12   22   20 |  36.9 D1   87% 29% |  346 15.15 |  3.9  1.9  3.9  3.9
155.462 0.513   19   26   12   23   20 |  34.7 C#1  71% 14% |  134  0.38 |  7.8  7.8  7.8  3.9
155.975 0.513   44   24    9   15    7 |  41.1 E1   100% 46% |  111  0.24 |  3.9  3.9  5.8  5.8
156.487 0.513   41   13   12   20   14 |  46.2 F#1  71% 61% |  134  0.42 |  3.9  3.9  5.8  5.8
157.000 0.513   53   18    9   15    5 |  49.1 G1   94% 60% |  114  0.22 |  3.9  3.9  3.9  5.8
157.513 0.513   19   25   14   24   18 |  55.0 A1   32% 61% |  176  0.69 |  1.9  1.9  3.9  1.9
158.026 0.513   17   27   13   27   16 |  37.5 D1   100% 16% |  360 41.49 |  5.8  1.9  3.9  3.9
158.539 0.513   26   22   13   24   15 |  37.6 D1   100% 21% |  365 12.61 |  9.8  5.8  5.8  5.8
159.052 0.513   22   25   14   19   20 |  37.7 D1   80% 20% |  359 30.96 |  1.9  1.9  3.9  3.9
159.565 0.513   51   19   10   11   10 |  40.8 E1   61% 60% |   80  0.13 |  3.9  3.9  5.8  3.9
160.078 0.513   26   40    8   16    9 |  32.9 C1   57% 45% |  173  0.51 |  7.8  5.8  5.8  7.8
160.591 0.513   22   18   14   23   22 |  49.4 G1   82% 33% |  215  0.88 |  5.8  3.9  5.8  3.9
161.104 0.513    9   34   21   25   11 |  65.0 C2   87% 75% |  208  0.99 |  1.9  1.9  1.9  3.9
161.616 0.513   20   31   12   18   18 |  32.8 C1   69% 51% |  140  0.37 |  5.8  3.9  1.9  1.9
162.129 0.513   15   32   15   22   16 |  31.1 B0   100% 17% |  323  6.05 |  3.9  1.9  3.9  5.8
162.642 0.513   16   21   17   24   22 |  31.0 B0   100% 25% |  249  2.15 |  9.8  7.8  7.8  7.8
163.155 0.513    7   44   14   17   17 | 105.5 G#2  49% 76% |  147  0.30 |  3.9  1.9  1.9  7.8
163.668 0.513   31   51    8    6    5 |  47.3 F#1  46% 50% |   86  0.11 |  5.8  1.9  1.9  1.9
164.181 0.513    7   41    8   10   34 |  67.8 C#2  41% 90% |  137  0.32 |  3.9  1.9  0.0  1.9
164.694 0.513   14   31   14   18   23 |  63.8 C2   27% 42% |  147  0.43 |  5.8  0.0  1.9  0.0
165.207 0.513   12   49   14   18    8 |  71.5 D2   18% 67% |  158  0.47 |  3.9  1.9  1.9  1.9
165.720 0.513    5   28   32   16   19 |  72.3 D2   59% 42% |  190  1.29 |  3.9  3.9  5.8  3.9
166.233 0.513   44   29   11   12    4 |  52.1 G#1  10% 59% |  102  0.20 |  3.9  3.9  3.9  5.8
166.745 0.513   19   23   23   21   14 |  59.6 A#1  38% 47% |  188  0.93 |  3.9  3.9  1.9  3.9
167.258 0.513   33   21   13   23   11 |  41.7 E1   50% 62% |  144  0.52 |  3.9  1.9  3.9  1.9
167.771 0.513   46   19   11   12   13 |  41.8 E1   62% 63% |  100  0.24 |  5.8  5.8  7.8  3.9
168.284 0.513   12   29   25   26    8 |  65.2 C2    9% 65% |  240  2.00 |  3.9  1.9  1.9  5.8
168.797 0.513   11   30   21   26   12 |  63.1 B1   47% 59% |  219  1.38 |  3.9  1.9  3.9  5.8
169.310 0.513   13   30   23   26    8 |  65.1 C2    9% 63% |  259  2.72 |  1.9  1.9  1.9  3.9
169.823 0.513    5   27   30   17   21 |  71.8 D2   69% 31% |  209  1.74 |  3.9  3.9  3.9  1.9
170.336 0.513   20   39   15   20    6 |  59.8 A#1  27% 65% |  185  0.80 |  1.9  1.9  1.9  3.9
170.849 0.513    7   27   29   26   11 |  69.1 C#2   5% 77% |  207  1.07 |  0.0  0.0  1.9  3.9
171.361 0.513    5   45   21   16   13 |  73.5 D2   79% 55% |  170  0.70 |  1.9  1.9  5.8  5.8
171.874 0.513   14   25   29   19   14 |  57.6 A#1  23% 61% |  188  0.96 |  0.0  0.0  3.9  1.9
172.387 0.513   13   31   24   22   10 |  63.4 B1   27% 42% |  247  3.67 |  7.8  5.8  3.9  5.8
172.900 0.513   10   32   23   23   12 |  65.8 C2   13% 59% |  227  1.56 |  3.9  3.9  3.9  5.8
173.413 0.513   11   30   19   33    7 |  63.1 B1   33% 69% |  289  2.23 |  1.9  1.9  1.9  3.9
173.926 0.513    4   26   31   20   18 |  72.4 D2   70% 39% |  219  1.62 |  3.9  3.9  3.9  1.9
174.439 0.513   44   31   10   11    4 |  51.3 G#1  13% 61% |   92  0.17 |  1.9  1.9  3.9  7.8
174.952 0.513   21   22   23   20   13 |  58.5 A#1   7% 52% |  195  0.96 |  5.8  3.9  3.9  3.9
175.465 0.513   35   22   13   19   12 |  41.3 E1   52% 61% |  150  0.55 |  3.9  1.9  1.9  3.9
175.978 0.513   44   20   11   11   14 |  42.2 E1   53% 58% |  107  0.23 |  5.8  3.9  5.8  1.9
176.490 0.513   13   30   28   23    7 |  62.1 B1   65% 51% |  264  3.04 |  3.9  3.9  1.9  5.8
177.003 0.513   12   21   31   22   13 |  56.3 A1   42% 47% |  276  2.60 |  3.9  1.9  3.9  5.8
177.516 0.513   13   40   16   24    7 |  59.9 A#1   6% 60% |  224  1.18 |  3.9  1.9  1.9  3.9
178.029 0.513    5   25   30   21   18 |  72.2 D2   65% 39% |  201  1.91 |  1.9  1.9  3.9  1.9
178.542 0.513    9   29   25   20   18 |  84.8 E2   57% 44% |  210  1.56 |  3.9  3.9  3.9  5.8
179.055 0.513    8   21   22   26   23 |  72.7 D2   87% 29% |  262  4.57 |  3.9  3.9  1.9  5.8
179.568 0.513    8   18   16   29   28 |  54.8 A1   100% 12% |  396 46.11 |  5.8  3.9  5.8  5.8
180.081 0.513   54   19   11    8    8 |  44.3 F1   55% 82% |  102  0.22 |  0.0  0.0  1.9  3.9
180.594 0.513   65   16    9    7    2 |  41.3 E1   93% 59% |   86  0.16 |  3.9  3.9  7.8  5.8
181.107 0.513    9   22   17   29   23 |  40.2 E1   86% 13% |  393 53.99 |  5.8  5.8  5.8  5.8
181.619 0.513   26   51    5    9    8 |  40.4 E1   78% 18% |  304  4.07 |  5.8  3.9  7.8  5.8
182.132 0.513   11   26   14   13   36 |  40.3 E1   75% 15% |  316  7.52 |  5.8  3.9  7.8  1.9
182.645 0.513   20   45    6   16   12 |  39.9 D#1  67% 18% |  355 52.32 |  3.9  3.9  3.9  5.8
183.158 0.513   10   29   16   18   27 |  40.8 E1   62% 16% |  351 13.19 |  5.8  5.8  7.8  9.8
183.671 0.513   34   29   10   15   12 |  41.1 E1   83% 58% |  111  0.25 |  3.9  3.9  3.9  3.9
184.184 0.513    5   24   17   30   25 |  84.3 E2   77% 43% |  259  2.94 |  3.9  3.9  3.9  3.9
184.697 0.513   24   52    7   10    7 |  40.1 E1   78% 17% |  309  6.69 |  5.8  5.8  5.8  5.8
185.210 0.513   10   20   18   25   27 |  40.1 E1   86% 14% |  320  6.72 |  3.9  3.9  3.9  3.9
185.723 0.513   25   51    6   11    8 |  40.4 E1   80% 20% |  302  4.99 |  7.8  7.8  7.8  5.8
186.236 0.513   11   27   13   16   34 |  40.4 E1   75% 15% |  296  6.97 |  5.8  5.8  7.8  3.9
186.748 0.513   20   44    7   17   12 |  40.4 E1   78% 18% |  349 39.18 |  3.9  3.9  5.8  5.8
187.261 0.513   13   23   18   18   28 |  40.1 E1   75% 15% |  366 13.97 |  3.9  3.9  5.8  5.8
187.774 0.513    8   16   31    9   36 |  40.0 D#1  71% 14% |  227  3.96 |  3.9  3.9  5.8  3.9
188.287 0.513    4   17   38   20   22 |  83.9 E2   57% 69% |  213  3.26 |  5.8  5.8  3.9  5.8
188.800 0.513   33   16    7   10   35 |  41.4 E1   78% 62% |   99  0.18 |  1.9  1.9  3.9  0.0
189.313 0.513   40   16    9   17   18 |  46.3 F#1  97% 61% |  114  0.24 |  3.9  3.9  3.9  1.9
189.826 0.513   52   18    8   12    9 |  49.7 G1   76% 65% |  100  0.20 |  1.9  1.9  1.9  3.9
190.339 0.513   24   25   15   20   17 |  55.6 A1   65% 67% |  165  0.60 |  3.9  3.9  3.9  1.9
190.852 0.513   20   31    6   31   13 |  38.2 D#1  100%  8% |  385 55.56 |  5.8  3.9  7.8  7.8
191.365 0.513   29   21   12   23   14 |  37.2 D1   100% 21% |  370 17.57 |  5.8  3.9  3.9  3.9
191.877 0.513   30   28    6   14   21 |  37.5 D1   91% 22% |  333 11.37 |  5.8  5.8  5.8  3.9
192.390 0.513   22   31   11   15   21 |  34.7 C#1  75%  8% |  105  0.23 |  7.8  7.8  7.8  3.9
192.903 0.513   34   30   10   16   10 |  41.5 E1   82% 33% |  150  0.47 |  5.8  5.8  7.8  7.8
193.416 0.513   45   13   10   19   12 |  46.2 F#1  86% 57% |  115  0.28 |  1.9  1.9  3.9  3.9
193.929 0.513   55   17    8   15    6 |  49.3 G1   97% 62% |  100  0.23 |  3.9  3.9  3.9  3.9
194.442 0.513   33   25   13   15   14 |  54.9 A1   58% 71% |  144  0.53 |  1.9  1.9  5.8  3.9
194.955 0.513   35   27    5   23   10 |  37.4 D1   87% 29% |  414 22.77 |  9.8  7.8  5.8  5.8
195.468 0.513   38   21   10   19   12 |  37.3 D1   87% 29% |  350 70.96 |  5.8  3.9  5.8  5.8
195.981 0.513   43   25    6   14   12 |  36.9 D1   95% 37% |  245  3.17 |  5.8  3.9  3.9  3.9
196.494 0.513   30   30   11   13   16 |  34.6 C#1  71% 27% |  108  0.21 |  5.8  5.8  5.8  1.9
197.006 0.513   45   26    9   15    5 |  41.3 E1   97% 59% |  102  0.19 |  5.8  3.9  3.9  5.8
197.519 0.513   41   15   10   19   14 |  46.2 F#1  92% 48% |  119  0.31 |  5.8  5.8  7.8  5.8
198.032 0.513   57   16    8   14    5 |  49.1 G1   76% 67% |  100  0.20 |  3.9  3.9  5.8  3.9
198.545 0.513   25   25   13   21   16 |  55.2 A1   28% 62% |  153  0.55 |  1.9  1.9  3.9  3.9
199.058 0.513   39   25    6   18   12 |  37.5 D1   79% 27% |  342 52.72 |  7.8  3.9  9.8  7.8
199.571 0.513   37   22    9   20   12 |  37.4 D1   87% 29% |  378 20.64 |  7.8  3.9  3.9  3.9
200.084 0.513   37   27    5   13   19 |  37.3 D1   92% 25% |  319  8.53 |  5.8  5.8  5.8  3.9
200.597 0.513   48   21    9   11   11 |  39.8 D#1  21% 57% |   82  0.13 |  3.9  3.9  5.8  3.9
201.110 0.513   24   42    9   15   10 |  32.8 C1   67% 46% |  108  0.22 |  5.8  3.9  5.8  7.8
201.623 0.513   34   16   11   19   20 |  49.7 G1   62% 47% |  166  0.50 |  5.8  3.9  3.9  3.9
202.135 0.513   10   32   22   24   12 |  65.0 C2   92% 73% |  214  1.08 |  1.9  1.9  1.9  3.9
202.648 0.513   26   29   11   15   18 |  32.8 C1   62% 56% |  106  0.23 |  5.8  3.9  3.9  1.9
203.161 0.513   15   40   10   20   15 |  31.3 B0   100% 25% |  273  2.80 |  7.8  5.8  5.8  5.8
203.674 0.513   12   29   14   23   21 |  31.1 B0   100% 23% |  334 17.75 |  7.8  5.8  5.8  5.8
204.187 0.513   13   28    7   26   27 |  31.2 B0   100% 20% |  369 11.56 |  7.8  5.8  5.8  3.9
204.700 0.513   24   24   11   21   20 |  36.6 D1   92% 24% |  116  0.29 |  7.8  7.8  7.8  3.9
205.213 0.513   47   21    9   17    6 |  41.3 E1   79% 65% |  105  0.20 |  3.9  3.9  3.9  7.8
205.726 0.513   45   15   11   19   10 |  46.2 F#1  97% 71% |  118  0.30 |  1.9  1.9  1.9  3.9
206.239 0.513   49   20    9   16    5 |  49.1 G1   93% 58% |  131  0.32 |  1.9  1.9  5.8  3.9
206.752 0.513   28   24   11   24   13 |  55.2 A1   57% 73% |  159  0.60 |  1.9  1.9  1.9  1.9
207.264 0.513   17   22    7   38   16 |  37.5 D1   89% 18% |  426 99.00 |  7.8  3.9  7.8  5.8
207.777 0.513   34   20   11   22   13 |  37.3 D1   93% 27% |  337  7.52 |  7.8  3.9  3.9  3.9
208.290 0.513   27   20    5   31   17 |  37.3 D1   100% 25% |  394 57.67 |  3.9  1.9  3.9  3.9
208.803 0.513   22   32   11   15   19 |  31.0 B0   62% 15% |  113  0.28 |  5.8  5.8  5.8  1.9
209.316 0.513   38   27   10   18    8 |  41.4 E1   100% 47% |  113  0.24 |  9.8  5.8  9.8  9.8
209.829 0.513   42   14   12   19   12 |  46.2 F#1  96% 49% |  140  0.51 |  1.9  1.9  1.9  3.9
210.342 0.513   50   17    9   17    8 |  49.1 G1   87% 58% |  117  0.27 |  1.9  1.9  3.9  3.9
210.855 0.513   25   26   14   21   15 |  55.4 A1   51% 69% |  168  0.63 |  1.9  1.9  5.8  1.9
211.368 0.513   23   24    7   32   14 |  37.4 D1   100% 23% |  414 99.00 |  5.8  5.8  3.9  3.9
211.881 0.513   25   20   13   24   18 |  37.4 D1   100% 25% |  350 19.25 |  5.8  5.8  5.8  5.8
212.393 0.513   24   18    8   29   21 |  37.4 D1   88% 33% |  366 39.73 |  7.8  5.8  5.8  5.8
212.906 0.513   22   28   12   21   18 |  34.8 C#1  67% 24% |  115  0.27 |  7.8  7.8  7.8  3.9
213.419 0.513   44   23   10   17    6 |  41.2 E1   93% 57% |  120  0.29 |  3.9  3.9  3.9  5.8
213.932 0.513   40   14   10   22   14 |  46.2 F#1  80% 58% |  126  0.36 |  3.9  3.9  5.8  3.9
214.445 0.513   49   17   13   17    5 |  49.2 G1   82% 67% |  138  0.38 |  1.9  1.9  1.9  3.9
214.958 0.513   18   25   13   27   17 |  55.0 A1   35% 60% |  167  0.66 |  1.9  1.9  1.9  1.9
215.471 0.513   17   19    9   35   19 |  36.7 D1   100% 12% |  398 99.00 |  5.8  3.9  9.8  5.8
215.984 0.513   28   23   12   23   15 |  37.3 D1   100% 22% |  347 10.37 |  5.8  3.9  5.8  3.9
216.497 0.513   24   25    7   26   19 |  37.6 D1   91% 21% |  401 42.95 |  3.9  1.9  3.9  3.9
217.010 0.513   51   18   10   12   10 |  40.6 E1   52% 61% |   86  0.16 |  3.9  3.9  3.9  1.9
217.522 0.513   23   34    8   26    9 |  32.8 C1   75% 38% |  124  0.29 |  5.8  3.9  5.8  3.9
218.035 0.513   24   18   12   25   21 |  49.7 G1   78% 35% |  190  0.72 |  5.8  3.9  3.9  3.9
218.548 0.513    7   30   18   33   12 |  65.0 C2   90% 76% |  243  1.13 |  1.9  1.9  1.9  3.9
219.061 0.513   22   30   10   19   18 |  32.7 C1   68% 54% |  117  0.24 |  7.8  3.9  3.9  1.9
219.574 0.513   15   24    7   38   17 |  31.0 B0   100% 16% |  428 53.93 |  7.8  3.9  5.8  3.9
220.087 0.513   14   18   15   30   23 |  30.9 B0   100% 17% |  299  3.17 |  5.8  3.9  3.9  5.8
220.600 0.513   12   18    7   35   28 |  31.0 B0   100% 18% |  386 50.02 |  5.8  5.8  1.9  3.9
221.113 0.513   23   28   10   21   19 |  36.6 D1   89% 18% |  115  0.27 |  7.8  7.8  7.8  3.9
221.626 0.513   46   21    9   18    6 |  41.3 E1   82% 65% |   95  0.19 |  3.9  1.9  3.9  5.8
222.138 0.513   42   17    9   21   11 |  46.2 F#1  97% 65% |  118  0.25 |  5.8  3.9  3.9  5.8
222.651 0.513   49   18    7   20    6 |  49.6 G1   84% 71% |  113  0.25 |  1.9  1.9  1.9  3.9
223.164 0.513   24   22   12   26   16 |  55.4 A1   54% 69% |  163  0.65 |  1.9  1.9  3.9  1.9
223.677 0.513   16   25    8   35   16 |  38.0 D#1  80% 10% |  449 99.00 |  7.8  7.8  5.8  5.8
224.190 0.513   30   22   11   23   14 |  37.3 D1   100% 25% |  354 11.14 |  5.8  3.9  5.8  3.9
224.703 0.513   22   24    6   26   21 |  37.4 D1   91% 22% |  398 37.13 |  5.8  3.9  5.8  5.8
225.216 0.513   26   33   10   14   17 |  34.3 C#1  64% 27% |  106  0.22 |  7.8  7.8  7.8  3.9
225.729 0.513   31   28   10   22   10 |  41.5 E1   95% 41% |  140  0.38 |  3.9  3.9  7.8  7.8
226.242 0.513   42   15    9   21   13 |  46.2 F#1  74% 61% |  136  0.47 |  3.9  3.9  3.9  5.8
226.755 0.513   50   16    9   17    9 |  49.1 G1   88% 65% |  110  0.23 |  1.9  1.9  1.9  3.9
227.267 0.513   23   23   12   26   16 |  55.6 A1   46% 69% |  148  0.57 |  3.9  3.9  3.9  3.9
227.780 0.513   27   23    8   28   14 |  37.2 D1   100% 27% |  397 63.89 |  3.9  3.9  3.9  5.8
228.293 0.513   31   19   12   21   17 |  37.3 D1   100% 29% |  321 23.16 |  5.8  5.8  5.8  5.8
228.806 0.513   23   19    5   30   22 |  37.2 D1   93% 27% |  419 36.28 |  5.8  3.9  5.8  3.9
229.319 0.513   19   27   11   22   21 |  34.5 C#1  100%  6% |  126  0.40 |  7.8  7.8  7.8  1.9
229.832 0.513   42   22    9   19    8 |  41.3 E1   96% 49% |  104  0.22 |  5.8  3.9  5.8  5.8
230.345 0.513   38   16   10   23   14 |  46.3 F#1  88% 48% |  139  0.39 |  3.9  3.9  5.8  3.9
230.858 0.513   53   16    8   18    6 |  49.1 G1   97% 59% |  103  0.22 |  1.9  1.9  3.9  5.8
231.371 0.513   22   22   12   29   15 |  55.4 A1   43% 58% |  172  0.69 |  1.9  1.9  3.9  1.9
231.884 0.513   30   22    5   29   14 |  37.6 D1   92% 24% |  450 90.72 |  5.8  3.9  7.8  5.8
232.396 0.513   23   25   13   23   16 |  37.8 D#1  100% 20% |  337  9.96 |  5.8  3.9  5.8  3.9
232.909 0.513   27   23    7   26   17 |  37.3 D1   93% 27% |  424 43.22 |  5.8  3.9  5.8  5.8
233.422 0.513   50   20    9   11   10 |  39.2 D#1  17% 59% |   82  0.13 |  3.9  3.9  5.8  3.9
233.935 0.513   26   36    7   21   10 |  32.8 C1   65% 50% |  117  0.25 |  5.8  3.9  7.8  5.8
234.448 0.513   22   17   12   26   22 |  49.4 G1   78% 35% |  282  1.72 |  5.8  3.9  5.8  3.9
234.961 0.513    7   31   18   33   11 |  65.0 C2   87% 76% |  254  1.33 |  1.9  1.9  1.9  3.9
235.474 0.513   19   31   10   21   19 |  33.0 C1   67% 52% |  124  0.32 |  5.8  3.9  3.9  1.9
235.987 0.513   13   21    9   39   18 |  31.0 B0   100% 16% |  403 87.66 |  7.8  5.8  3.9  5.8
236.500 0.513   15   22   15   27   22 |  31.0 B0   100% 25% |  266  1.90 |  7.8  5.8  5.8  5.8
237.013 0.513    8   39   11   24   18 | 105.1 G#2  49% 73% |  137  0.25 |  3.9  1.9  3.9  5.8
237.525 0.513   33   50    7    6    4 |  47.6 F#1  12% 49% |   87  0.08 |  7.8  1.9  3.9  3.9
238.038 0.513    6   64    9   12    8 |  76.3 D#2  57% 81% |  110  0.17 |  1.9  1.9  3.9  1.9
238.551 0.513   19   37   12   20   12 |  72.3 D2   26% 53% |  125  0.35 |  5.8  1.9  1.9  3.9
239.064 0.513    9   45   14   20   11 |  73.0 D2   47% 65% |  145  0.35 |  1.9  1.9  1.9  1.9
239.577 0.513    4   26   25   24   22 |  72.0 D2   63% 37% |  190  1.01 |  1.9  1.9  3.9  3.9
240.090 0.513   39   31    9   14    8 |  56.0 A1    6% 67% |   97  0.18 |  1.9  1.9  3.9  3.9
240.603 0.513   18   23   16   28   16 |  60.0 A#1  48% 44% |  190  0.91 |  5.8  3.9  3.9  3.9
241.116 0.513   28   16   12   26   18 |  41.5 E1   52% 65% |  175  0.63 |  3.9  3.9  3.9  3.9
241.629 0.513   47   18   10   11   14 |  41.7 E1   69% 56% |  100  0.21 |  5.8  5.8  5.8  3.9
242.142 0.513    9   20   25   30   16 |  66.1 C2   11% 69% |  197  1.27 |  3.9  3.9  3.9  1.9
242.654 0.513   11   28   15   28   17 |  62.8 B1   54% 54% |  189  1.12 |  1.9  1.9  3.9  1.9
243.167 0.513    8   22   26   27   16 |  64.0 C2   15% 65% |  223  1.71 |  1.9  1.9  1.9  3.9
243.680 0.513    5   22   25   23   25 |  72.4 D2   69% 31% |  217  2.42 |  3.9  3.9  3.9  1.9
244.193 0.513   17   31   13   22   17 |  59.4 A#1  18% 65% |  147  0.52 |  3.9  3.9  1.9  1.9
244.706 0.513    6   24   24   26   20 |  64.2 C2    6% 94% |  204  1.07 |  0.0  0.0  0.0  1.9
245.219 0.513    4   38   15   20   22 |  73.5 D2   79% 56% |  150  0.46 |  3.9  3.9  5.8  3.9
245.732 0.513   13   23   26   20   19 |  60.3 B1   55% 57% |  177  0.80 |  1.9  1.9  1.9  3.9
246.245 0.513    9   20   22   32   18 |  62.1 B1   60% 59% |  195  1.17 |  5.8  3.9  3.9  3.9
246.758 0.513   10   30   18   24   19 |  65.8 C2   11% 54% |  208  1.45 |  1.9  1.9  3.9  5.8
247.271 0.513   10   23   23   29   14 |  62.9 B1   49% 73% |  233  1.29 |  1.9  1.9  1.9  1.9
247.783 0.513    5   25   28   22   21 |  71.7 D2   57% 44% |  184  1.15 |  1.9  1.9  1.9  3.9
248.296 0.513   44   25    9   13   10 |  51.5 G#1   9% 63% |   90  0.16 |  3.9  3.9  3.9  5.8
248.809 0.513   18   20   15   26   21 |  56.8 A#1   4% 49% |  176  0.76 |  5.8  3.9  3.9  3.9
249.322 0.513   33   16   13   22   16 |  41.3 E1   57% 58% |  165  0.62 |  3.9  3.9  5.8  3.9
249.835 0.513   45   19   11   13   13 |  41.6 E1   65% 61% |  101  0.22 |  5.8  3.9  3.9  3.9
250.348 0.513   11   22   22   29   16 |  61.8 B1   68% 42% |  208  1.24 |  5.8  3.9  3.9  5.8
250.861 0.513   15   22   18   29   16 |  56.9 A#1  41% 43% |  229  2.17 |  3.9  1.9  1.9  1.9
251.374 0.513   10   34   16   26   13 |  59.5 A#1   7% 59% |  185  0.72 |  3.9  1.9  1.9  1.9
251.887 0.513    5   25   26   22   21 |  72.3 D2   57% 40% |  200  2.03 |  3.9  1.9  3.9  3.9
252.400 0.513    7   22   17   33   22 |  84.9 F2   48% 41% |  254  3.12 |  3.9  1.9  1.9  5.8
252.912 0.513    6   17   20   34   22 |  71.9 D2   55% 42% |  266  3.37 |  5.8  3.9  3.9  3.9
253.425 0.513    9   17   15   32   27 |  54.6 A1   86% 14% |  379 61.80 |  5.8  5.8  5.8  5.8
253.938 0.513   45   24   11   12    8 |  45.6 F#1  25% 78% |  121  0.30 |  0.0  0.0  3.9  5.8
254.451 0.513   63   15    9    8    5 |  41.2 E1   71% 79% |   81  0.15 |  1.9  1.9  1.9  0.0
254.964 0.513    1    3   40   51    5 |   0.0 -     0%  0% |  342 99.00 |  1.9  0.0  0.0  0.0
255.477 0.513    0    0   20   77    2 |   0.0 -     0%  0% |  333 78.75 |  0.0  0.0  0.0  0.0
