# WhoLikesToParty  grain 5 s  STFT 16384 (0.372 s window)  pitch: YIN 100 ms / 10 ms hop  onsets: per second  subwob: yes
   t(s)  sub bass  lm  mid high | f0Hz note held vcd | cen   h/f | subwob beats depth | low click mid high
  0.000   46   22    9   13    9 |  46.1 F#1  21% 42% |  105  0.21 | 0.116  0.23 0.99 |  5.2  4.4  5.2  5.8
  5.000   49   22    9   12    8 |  46.2 F#1  16% 49% |   99  0.17 | 0.557  1.09 0.98 |  4.6  3.8  5.0  5.0
 10.000   32   31   12   14   11 |  41.2 E1    9% 40% |  108  0.23 | 0.116  0.23 0.99 |  5.2  4.2  5.6  5.4
 15.000   40   23   10   15   11 |  46.0 F#1  16% 41% |  114  0.26 | 0.116  0.23 1.00 |  5.0  3.8  5.4  4.8
 20.000   39   24   11   16   11 |  42.4 F1   15% 38% |  124  0.29 | 0.557  1.09 0.97 |  5.2  4.4  5.6  4.6
 25.000   40   24   11   15   10 |  46.1 F#1  10% 46% |  123  0.29 | 0.116  0.23 0.99 |  4.2  3.8  5.4  4.4
 30.000   18   41   14   13   14 |  65.0 C2   19% 52% |  140  0.37 | 0.116  0.23 0.99 |  3.8  3.2  4.2  4.0
 35.000   25   26   20   18   10 |  61.4 B1   28% 58% |  158  0.58 | 0.116  0.23 0.99 |  3.6  3.0  3.4  4.2
 40.000   23   29   20   17   11 |  61.4 B1   26% 57% |  161  0.58 | 0.116  0.23 0.99 |  3.2  3.0  3.4  4.4
 45.000   31   24   17   16   12 |  55.1 A1   12% 47% |  157  0.66 | 0.116  0.23 1.00 |  3.8  2.8  3.8  4.6
 50.000   18   36   10   16   21 |  40.3 E1   78% 15% |  171  0.65 | 1.022  2.00 1.00 |  5.4  4.8  5.8  5.4
 55.000   32   20   14   13   21 |  47.8 G1   14% 40% |  136  0.47 | 0.116  0.23 1.00 |  4.4  4.2  5.2  3.8
 60.000   44   23    9   14   10 |  46.1 F#1  13% 38% |  107  0.21 | 0.557  1.09 1.00 |  5.2  4.8  5.6  4.8
 65.000   45   24    9   13   10 |  41.4 E1   23% 44% |  100  0.18 | 0.580  1.14 0.99 |  5.2  4.2  5.4  5.0
 70.000   33   30   12   15   11 |  41.7 E1   14% 45% |  108  0.23 | 0.116  0.23 0.99 |  5.8  4.2  4.6  5.2
 75.000   43   20    9   17   10 |  49.0 G1   24% 48% |  112  0.23 | 0.116  0.23 0.99 |  4.2  3.8  5.0  4.2
 80.000   37   24    9   19   11 |  41.5 E1   16% 38% |  124  0.28 | 0.557  1.09 1.00 |  5.0  4.4  6.0  5.0
 85.000   25   31   12   20   13 |  41.2 E1   10% 41% |  136  0.34 | 0.116  0.23 1.00 |  5.2  3.8  4.8  4.6
 90.000   30   39    7   14   10 |  46.7 F#1   7% 40% |  108  0.17 | 0.116  0.23 0.98 |  4.8  4.2  5.4  3.6
 95.000   43   21    9   18   10 |  46.3 F#1  21% 45% |  116  0.24 | 0.534  1.05 0.97 |  4.6  4.0  5.4  4.4
100.000   32   27   11   19   12 |  40.8 E1    8% 44% |  128  0.33 | 0.116  0.23 0.99 |  5.2  4.0  4.8  4.0
105.000   24   40   10   16   11 |  61.3 B1   11% 53% |  126  0.27 | 0.116  0.23 0.99 |  4.4  3.2  4.0  4.0
110.000   18   29   17   23   12 |  61.6 B1   26% 59% |  161  0.57 | 0.116  0.23 0.99 |  4.2  3.2  3.4  4.0
115.000   25   25   15   23   12 |  61.1 B1   23% 59% |  155  0.55 | 0.116  0.23 0.98 |  4.2  3.0  3.8  4.4
120.000   31   26   12   19   13 |  49.0 G1    8% 40% |  151  0.56 | 0.116  0.23 1.00 |  4.6  3.6  5.0  5.4
125.000   22   41    8   15   14 |  40.5 E1   73% 21% |  141  0.36 | 0.511  1.00 1.00 |  5.6  5.2  6.2  5.2
130.000   37   20   13   16   14 |  47.9 G1   14% 42% |  145  0.48 | 0.116  0.23 1.00 |  4.4  3.6  5.2  5.2
135.000   41   23    9   17   11 |  41.7 E1   21% 42% |  107  0.20 | 0.580  1.14 0.98 |  5.0  4.6  5.6  5.0
140.000   37   23   10   17   13 |  46.4 F#1  10% 44% |  114  0.25 | 0.116  0.23 0.99 |  4.6  3.8  5.2  5.4
145.000   34   23   11   19   13 |  46.2 F#1  17% 47% |  119  0.26 | 0.116  0.23 0.99 |  5.4  4.6  4.8  4.2
150.000   35   22   11   19   13 |  41.8 E1   12% 37% |  135  0.36 | 0.557  1.09 1.00 |  4.6  4.2  5.4  5.2
155.000   37   20   11   19   13 |  41.1 E1   25% 40% |  124  0.31 | 0.116  0.23 1.00 |  4.8  3.8  5.2  4.6
160.000   18   38   12   16   16 |  59.0 A#1   2% 50% |  141  0.39 | 0.116  0.23 0.99 |  5.4  3.2  3.4  4.4
165.000   24   28   17   19   11 |  61.3 B1   21% 58% |  159  0.57 | 0.116  0.23 0.98 |  3.8  2.8  3.4  3.8
170.000   18   31   21   20   11 |  62.1 B1   29% 55% |  177  0.72 | 0.116  0.23 0.99 |  2.8  2.6  3.6  4.4
175.000   20   24   20   21   14 |  56.4 A1   17% 47% |  176  0.74 | 0.116  0.23 0.99 |  4.2  3.0  3.4  4.4
180.000   37   26   11   13   13 |  41.6 E1   41% 35% |  138  0.50 | 0.116  0.23 1.00 |  4.4  4.0  5.6  5.2
185.000   22   22   16   15   24 |  44.6 F1    7% 31% |  156  0.62 | 0.116  0.23 1.00 |  4.6  4.6  5.4  4.2
190.000   41   20    9   17   12 |  49.2 G1   28% 41% |  120  0.25 | 0.116  0.23 0.99 |  4.8  4.4  5.4  4.6
195.000   43   21    8   17   11 |  41.3 E1   16% 42% |  110  0.23 | 0.580  1.14 1.00 |  5.8  4.2  5.6  4.8
200.000   26   28   11   18   17 |  37.8 D1   11% 40% |  118  0.30 | 0.116  0.23 0.99 |  6.0  4.8  5.2  4.6
205.000   37   21    9   21   12 |  43.4 F1    4% 42% |  118  0.25 | 0.116  0.23 0.99 |  5.0  3.6  5.0  4.6
210.000   38   19   10   21   12 |  46.3 F#1  20% 48% |  125  0.29 | 0.557  1.09 0.98 |  4.4  4.2  4.8  4.4
215.000   25   24   10   25   15 |  41.3 E1   10% 40% |  135  0.36 | 0.116  0.23 0.99 |  5.0  3.2  4.6  3.4
220.000   33   20    9   25   14 |  46.1 F#1  17% 39% |  130  0.32 | 0.116  0.23 1.00 |  5.2  4.4  4.4  4.6
225.000   33   21    9   22   15 |  46.1 F#1  14% 37% |  126  0.30 | 0.116  0.23 0.99 |  5.0  4.6  5.6  4.8
230.000   37   21    8   22   12 |  41.8 E1   16% 43% |  126  0.29 | 0.116  0.23 0.98 |  4.8  3.6  5.8  4.8
235.000   15   41   11   20   12 |  65.6 C2   14% 54% |  134  0.33 | 0.116  0.23 0.99 |  4.6  2.8  3.4  3.8
240.000   24   22   16   22   16 |  61.3 B1   33% 58% |  149  0.53 | 0.116  0.23 0.98 |  3.6  3.4  3.6  3.0
245.000   20   24   17   22   17 |  61.5 B1   26% 58% |  156  0.60 | 0.116  0.23 0.99 |  3.4  2.8  3.4  4.0
250.000   27   21   15   22   15 |  55.4 A1   13% 50% |  160  0.62 | 0.116  0.23 1.00 |  4.0  2.8  3.4  4.0
255.000    0    4   38   53    4 |   0.0 -     0%  0% |  341 65.98 | 0.116  0.23 0.99 |  0.2  0.0  0.0  0.0
