# WhoLikesToParty  grain 4bar (31 slices, bar-synchronous on the 116.98 bpm grid)  STFT 16384
   t(s)   dur  sub bass  lm  mid high | f0Hz note held vcd | cen   h/f | low click mid high
  0.053 8.206   46   23    9   13    9 |  46.1 F#1  17% 43% |  105  0.20 |  5.2  4.3  5.2  5.4
  8.260 8.206   38   28   11   14   10 |  41.4 E1   15% 41% |  106  0.21 |  5.2  4.3  5.5  5.2
 16.466 8.206   41   22   11   15   10 |  46.2 F#1  16% 43% |  121  0.28 |  4.6  3.8  5.4  4.8
 24.672 8.206   34   31   12   14   10 |  46.2 F#1   9% 46% |  127  0.30 |  4.3  3.8  5.1  4.8
 32.879 8.206   20   32   19   17   13 |  61.7 B1   21% 58% |  154  0.56 |  3.3  2.8  3.3  3.7
 41.085 8.206   26   26   19   18   12 |  61.0 B1   17% 51% |  162  0.68 |  3.8  3.0  3.5  4.5
 49.292 8.206   24   28   15   14   20 |  41.2 E1   49% 23% |  169  0.73 |  5.0  4.6  5.7  5.1
 57.498 8.206   43   22    9   13   14 |  46.2 F#1  17% 41% |  107  0.21 |  5.0  4.5  5.5  4.1
 65.704 8.206   38   28   10   14   11 |  41.2 E1   15% 44% |  105  0.20 |  5.7  4.3  5.1  5.2
 73.911 8.206   41   22    9   18   10 |  46.1 F#1  17% 44% |  114  0.23 |  4.5  4.0  5.1  4.4
 82.117 8.206   30   32   10   18   11 |  46.2 F#1   6% 45% |  127  0.30 |  4.9  3.9  5.2  4.9
 90.323 8.206   36   29    8   17   11 |  46.4 F#1  12% 39% |  113  0.22 |  4.6  4.0  5.2  3.9
 98.530 8.206   34   30   10   16   10 |  46.1 F#1   9% 45% |  124  0.29 |  5.2  3.9  5.0  4.5
106.736 8.206   20   32   14   22   12 |  61.6 B1   22% 59% |  150  0.45 |  3.9  3.0  3.4  3.7
114.943 8.206   25   24   15   23   13 |  61.0 B1   18% 54% |  157  0.61 |  4.1  3.0  3.8  4.5
123.149 8.206   25   34   12   14   15 |  41.3 E1   47% 26% |  147  0.54 |  5.5  5.0  6.6  5.5
131.355 8.206   42   22    9   17   11 |  46.1 F#1  15% 42% |  112  0.22 |  4.8  4.0  5.2  5.0
139.562 8.206   33   24   10   18   14 |  41.4 E1   14% 40% |  115  0.25 |  5.4  4.4  5.2  5.0
147.768 8.206   37   21   11   19   12 |  46.1 F#1  17% 43% |  123  0.29 |  4.5  4.1  5.1  4.9
155.975 8.206   30   29   11   17   12 |  46.1 F#1   9% 45% |  135  0.34 |  5.0  3.5  4.4  4.9
164.181 8.206   19   31   18   19   13 |  61.8 B1   20% 59% |  160  0.58 |  3.3  2.3  3.3  3.5
172.387 8.206   24   25   19   20   12 |  60.7 B1   15% 50% |  171  0.72 |  3.9  3.0  3.4  4.6
180.594 8.206   23   27   16   16   18 |  41.2 E1   46% 26% |  161  0.68 |  5.0  4.8  6.0  5.2
188.800 8.206   40   21    9   16   15 |  46.2 F#1  17% 41% |  115  0.24 |  4.9  4.3  5.1  4.0
197.006 8.206   34   24   10   18   14 |  41.3 E1   15% 43% |  114  0.25 |  5.8  4.5  5.5  4.8
205.213 8.206   36   20    9   22   13 |  46.1 F#1  17% 42% |  127  0.29 |  4.9  3.9  5.0  4.5
213.419 8.206   29   22   10   24   15 |  41.7 E1   15% 39% |  132  0.34 |  5.0  3.8  4.5  3.9
221.626 8.206   35   20    9   23   13 |  46.2 F#1  16% 42% |  125  0.27 |  4.9  4.3  5.0  4.8
229.832 8.206   30   27    9   21   13 |  46.2 F#1   9% 45% |  130  0.31 |  5.1  3.5  5.1  4.6
238.038 8.206   18   30   15   21   15 |  61.8 B1   24% 60% |  149  0.51 |  3.2  2.8  3.3  3.0
246.245 8.206   23   22   16   23   16 |  60.9 B1   20% 51% |  160  0.63 |  4.0  2.9  3.5  4.3
