# SeeYouDrop  grain bar (98 slices, bar-synchronous on the 150.03 bpm grid)  STFT 8192
   t(s)   dur  sub bass  lm  mid high | f0Hz note held vcd | cen   h/f | low click mid high
  0.017 1.600   10   29   15    2   45 | 104.5 G#2  89% 39% |  159  0.54 |  1.9  0.6  0.6  0.0
  1.617 1.600    0   35   55    9    1 | 104.1 G#2  76% 42% |  213  2.41 |  1.9  0.0  1.9  0.0
  3.217 1.600    0   47   39   13    0 | 110.1 A2   99% 96% |  190  1.49 |  0.6  0.0  0.0  0.6
  4.816 1.600    0   28   49   21    2 | 110.6 A2   56% 68% |  227  3.21 |  0.6  0.0  0.0  3.8
  6.416 1.600    0   45   25   21    9 |  92.8 F#2  99% 69% |  185  0.90 |  0.0  0.0  0.0  3.8
  8.016 1.600    0   33   26   20   21 |  93.2 F#2  92% 46% |  212  1.00 |  1.2  0.0  0.0  5.6
  9.615 1.600    0   11   17   45   27 |  83.5 E2   95% 37% |  245  2.31 |  0.6  0.0  0.0  3.8
 11.215 1.600    0   10   19   35   35 | 118.2 A#2  19% 40% |  242  2.62 |  1.2  0.0  0.0  3.1
 12.815 1.600   72    4    4    6   14 |  34.8 C#1  97% 96% |   57  0.07 |  0.0  0.0  0.0  0.0
 14.414 1.600   77    2    5    5   11 |  34.8 C#1  47% 97% |   63  0.09 |  2.5  0.0  1.2  1.9
 16.014 1.600   79    2    3    7    8 |  55.3 A1   98% 100% |   70  0.06 |  0.0  0.0  0.0  1.2
 17.614 1.600   59   22    4    6    9 |  61.2 B1   49% 100% |   78  0.06 |  1.2  0.0  0.0  0.6
 19.213 1.600   77    2    4    6   11 |  46.5 F#1  99% 98% |   67  0.07 |  0.0  0.0  0.0  0.6
 20.813 1.600   80    2    4    5   10 |  46.5 F#1  100% 100% |   63  0.06 |  0.6  0.0  0.0  1.9
 22.413 1.600   79    2    3    7    9 |  41.4 E1   98% 100% |   58  0.05 |  0.0  0.0  1.9  3.1
 24.012 1.600   57    3    9   11   19 |  41.4 E1   82% 63% |   84  0.16 |  0.6  0.0  0.6  0.6
 25.612 1.600   48   14    8   13   17 |  34.9 C#1  80% 68% |   93  0.18 |  5.0  0.6  3.1  1.9
 27.212 1.600   50   13    8   13   16 |  34.9 C#1  80% 68% |   77  0.16 |  3.8  2.5  2.5  3.1
 28.811 1.600   50   14    6   16   15 |  34.9 C#1  80% 67% |   76  0.09 |  3.8  1.9  2.5  2.5
 30.411 1.600   49   14    5   16   15 |  34.9 C#1  79% 71% |   70  0.08 |  4.4  2.5  2.5  1.2
 32.011 1.600   47   14    8   13   18 |  34.9 C#1  78% 68% |   95  0.18 |  3.8  1.9  2.5  1.2
 33.610 1.600   50   13    8   13   16 |  34.9 C#1  80% 66% |   74  0.14 |  5.0  1.9  2.5  3.1
 35.210 1.600   50   13    6   16   15 |  34.9 C#1  80% 69% |   74  0.11 |  2.5  2.5  2.5  3.1
 36.810 1.600   49   14    7   14   15 |  34.9 C#1  78% 69% |   87  0.17 |  3.1  2.5  2.5  1.9
 38.409 1.600   48   19    5   13   15 |  39.3 D#1  11% 34% |   78  0.11 |  5.6  1.9  3.8  1.9
 40.009 1.600   49   19    5   13   14 |  40.2 E1   10% 32% |   83  0.11 |  6.2  1.2  1.9  3.1
 41.609 1.600   48   19    5   14   14 |  38.9 D#1   7% 34% |   87  0.11 |  5.6  1.2  1.9  1.2
 43.209 1.600   52   20    4   13   12 |  39.4 D#1  13% 33% |   82  0.09 |  5.6  2.5  2.5  3.1
 44.808 1.600   49   22    7   11   11 |  55.0 A1   73% 14% |   85  0.13 |  6.9  4.4  6.9  6.2
 46.408 1.600   47   20   12   11   10 |  55.5 A1   74% 12% |  101  0.21 |  8.8  5.0  8.8  8.8
 48.008 1.600   22   50    6   14    8 |   0.0 -     0%  1% |  120  0.15 |  2.5  0.6  8.1  7.5
 49.607 1.600   12   13   12   25   38 |  57.9 A#1  100%  1% |  377 38.79 |  4.4  1.9  1.2  3.8
 51.207 1.600    1    1    4   59   34 |   0.0 -     0%  0% |  454 94.34 |  2.5  2.5  3.1  2.5
 52.807 1.600    0    0    3   53   44 |   0.0 -     0%  0% |  404 45.47 |  4.4  2.5  2.5  2.5
 54.406 1.600    0    0    2   59   39 |   0.0 -     0%  0% |  390 46.59 |  3.8  2.5  1.9  2.5
 56.006 1.600    0    1    2   53   43 |   0.0 -     0%  1% |  415 51.47 |  5.0  2.5  3.1  2.5
 57.606 1.600   72   10    2    8    9 |  35.0 C#1  85% 68% |   48  0.02 |  5.0  2.5  2.5  2.5
 59.205 1.600   69   11    2    8   10 |  35.0 C#1  84% 68% |   50  0.03 |  3.1  2.5  2.5  2.5
 60.805 1.600   72   10    1    7   10 |  35.6 C#1  67% 43% |   51  0.02 |  5.0  1.2  2.5  3.1
 62.405 1.600   36   31    5   11   18 |  49.5 G1   50%  4% |   88  0.10 |  4.4  0.6  1.9  0.6
 64.004 1.600   50   15    3   14   18 |  35.3 C#1  57% 56% |   87  0.10 |  5.0  3.1  5.6  4.4
 65.604 1.600   64   11    2   11   12 |  35.0 C#1  76% 64% |   59  0.04 |  3.8  2.5  3.1  2.5
 67.204 1.600   66   11    2   10   11 |  34.9 C#1  82% 72% |   54  0.03 |  3.1  1.9  3.1  2.5
 68.803 1.600   71   11    3    7    9 |  35.6 C#1  69% 78% |   57  0.04 |  4.4  1.2  2.5  1.2
 70.403 1.600   48   19    3   14   16 |  36.8 D1   43% 36% |   88  0.10 |  5.6  4.4  5.0  3.8
 72.003 1.600   62   13    2   11   12 |  35.0 C#1  80% 62% |   60  0.04 |  4.4  2.5  3.1  2.5
 73.602 1.600   65   12    2   10   11 |  34.9 C#1  81% 71% |   58  0.04 |  3.1  1.9  3.1  3.8
 75.202 1.600   58   13    3   11   15 |  35.4 C#1  57% 54% |   67  0.06 |  5.0  1.9  2.5  1.2
 76.802 1.600   49   16    5   13   16 |  38.1 D#1   1% 46% |   78  0.06 |  4.4  2.5  1.9  3.1
 78.401 1.600   59   14    2   13   12 |  35.3 C#1  58% 45% |   63  0.04 |  3.1  1.2  3.8  3.1
 80.001 1.600   62   13    2   11   11 |  35.2 C#1  61% 54% |   59  0.04 |  2.5  0.6  3.1  2.5
 81.601 1.600   66   13    2   10    9 |  34.8 C#1  79% 70% |   55  0.04 |  1.9  0.0  3.1  2.5
 83.200 1.600   52   18    3   14   13 |  34.8 C#1  63% 35% |   74  0.05 |  3.1  1.9  4.4  3.8
 84.800 1.600   65   14    2    9    9 |  35.5 C#1  49% 47% |   59  0.04 |  3.8  1.2  1.2  3.1
 86.400 1.600   66   14    2    9    9 |  35.6 C#1  55% 52% |   58  0.04 |  3.1  0.6  1.9  2.5
 87.999 1.600   67   13    2    9    9 |  34.8 C#1  81% 71% |   54  0.03 |  0.6  0.0  3.1  2.5
 89.599 1.600   48   19    5   12   15 |  39.3 D#1  10% 31% |   88  0.11 |  4.4  1.9  4.4  1.9
 91.199 1.600   49   19    6   12   14 |  39.1 D#1  15% 33% |   84  0.10 |  5.6  2.5  1.9  3.1
 92.798 1.600   49   19    5   14   14 |  39.5 D#1  13% 33% |   83  0.11 |  5.0  1.9  2.5  2.5
 94.398 1.600   50   19    4   14   13 |  39.9 D#1   7% 35% |   84  0.10 |  5.6  1.2  1.9  2.5
 95.998 1.600   48   22    8   10   12 |  55.4 A1   79% 15% |   86  0.12 |  6.9  5.0  7.5  6.2
 97.598 1.600   46   19   13   11   11 |  55.5 A1   77%  8% |  101  0.23 |  8.1  5.0  9.4  6.9
 99.197 1.600   20   48    6   17    9 |   0.0 -     0%  0% |  123  0.16 |  0.6  0.6  8.8  7.5
100.797 1.600   11   15   20   20   35 |  57.3 A#1   0%  1% |  321 29.88 |  4.4  1.9  1.2  3.8
102.397 1.600   24   15    7   20   34 | 106.5 G#2  94% 72% |  274  1.61 |  8.1  6.2  8.1  8.1
103.996 1.600    0    4    8   36   52 | 109.1 A2   68% 53% |  323  3.84 |  6.2  5.0  6.2  6.9
105.596 1.600   49   13    3   17   17 |  34.7 C#1  91% 63% |   66  0.06 |  2.5  2.5  1.9  3.1
107.196 1.600   50   13    3   17   16 |  34.7 C#1  93% 63% |   67  0.06 |  3.1  1.9  1.9  5.0
108.795 1.600   51   13    3   17   16 |  34.7 C#1  95% 61% |   68  0.07 |  4.4  1.9  1.9  5.0
110.395 1.600   49   25    4   11   11 |  48.0 G1    9% 51% |   71  0.05 |  5.0  3.8  6.9  4.4
111.995 1.600   56   11    3   15   15 |  34.8 C#1  81% 37% |   64  0.05 |  5.6  3.8  6.2  5.0
113.594 1.600   53   11    3   18   16 |  34.8 C#1  86% 36% |   60  0.04 |  4.4  1.2  3.1  3.1
115.194 1.600   54   10    3   16   16 |  35.5 C#1  64% 57% |   61  0.05 |  3.8  1.2  2.5  2.5
116.794 1.600   48   12    4   19   17 |  38.7 D#1  24% 42% |  125  0.13 |  3.8  0.6  5.0  3.1
118.393 1.600   30   16    7   23   24 | 105.8 G#2  11% 56% |  187  0.74 |  5.6  4.4  5.0  4.4
119.993 1.600   58    8    4   16   15 |  34.7 C#1  95% 86% |   69  0.09 |  3.8  0.0  2.5  3.8
121.593 1.600   59   10    3   15   13 |  34.7 C#1  94% 78% |   65  0.07 |  3.1  0.6  3.8  3.8
123.192 1.600   58    9    3   16   14 |  34.7 C#1  66% 72% |   73  0.08 |  2.5  1.2  2.5  5.6
124.792 1.600   40   14    5   20   22 |  34.9 C#1  69% 37% |  169  0.48 |  3.1  1.9  3.1  6.9
126.392 1.600   56   12    4   15   14 |  34.7 C#1  81% 68% |   79  0.10 |  3.8  3.1  3.1  7.5
127.991 1.600   56   14    4   14   13 |  34.7 C#1  92% 64% |   70  0.07 |  5.6  1.2  2.5  7.5
129.591 1.600   58   10    5   12   15 |  36.5 D1   77% 49% |  119  0.13 |  4.4  1.9  3.8  3.8
131.191 1.600   49   18    5   10   18 |  34.9 C#1  97% 62% |   83  0.11 |  4.4  0.6  0.6  0.0
132.790 1.600   71   15    9    4    1 |  34.5 C#1  49% 96% |   88  0.17 |  1.9  0.0  0.0  0.0
134.390 1.600   71   11   15    3    0 |  55.3 A1   96% 100% |   89  0.18 |  0.0  0.0  0.0  0.0
135.990 1.600   58   25   14    3    0 |  60.3 B1   16% 100% |   88  0.18 |  0.0  0.0  0.0  0.0
137.589 1.600   72   13    6    8    1 |  46.5 F#1  100% 97% |   80  0.10 |  0.0  0.0  0.0  0.0
139.189 1.600   77   11    6    6    0 |  46.5 F#1  100% 100% |   81  0.12 |  0.0  0.0  0.0  0.0
140.789 1.600   79    8    7    5    0 |  41.4 E1   96% 100% |   71  0.12 |  0.0  0.0  0.0  0.6
142.388 1.600   69   10   13    7    1 |  41.4 E1   100% 100% |   88  0.21 |  0.6  0.0  0.6  1.9
143.988 1.600   71   10    7    8    4 |  34.9 C#1  95% 96% |   76  0.12 |  0.6  0.0  0.6  0.6
145.588 1.600   68   14    6   10    1 |  34.5 C#1  50% 96% |   92  0.16 |  0.6  0.0  0.0  2.5
147.188 1.600   66   14    8   11    1 |  55.3 A1   98% 98% |   95  0.15 |  0.6  0.0  0.0  2.5
148.787 1.600   49   22   16   12    1 |  59.1 A#1   2% 100% |  114  0.30 |  3.8  0.0  0.0  2.5
150.387 1.600   69   13    6   12    1 |  46.5 F#1  98% 98% |   85  0.12 |  0.6  0.0  0.0  2.5
151.987 1.600   72   10    4   12    1 |  46.5 F#1  98% 100% |   81  0.10 |  0.6  0.0  0.0  2.5
153.586 1.600   62   11   13   13    2 |  41.3 E1   93% 100% |   96  0.22 |  0.6  0.0  0.0  2.5
155.186 1.600   54   13   13   15    5 |  41.5 E1   100% 54% |  108  0.32 |  0.0  0.0  0.0  2.5
