# SeeYouDrop  grain 8 s  STFT 16384 (0.372 s window)  pitch: YIN 100 ms / 10 ms hop  onsets: per second  subwob: yes
   t(s)  sub bass  lm  mid high | f0Hz note held vcd | cen   h/f | subwob beats depth | low click mid high
  0.000    0   38   36   15   11 | 109.0 A2   48% 63% |  196  1.22 | 0.116  0.15 1.00 |  1.0  0.1  0.5  1.6
  8.000   45    9   11   17   18 |  34.9 C#1  44% 63% |  213  1.33 | 0.116  0.15 1.00 |  1.0  0.0  0.2  2.9
 16.000   73    8    4    6    9 |  46.5 F#1  40% 100% |   68  0.06 | 0.116  0.15 0.59 |  0.5  0.0  0.4  1.5
 24.000   51   12    7   14   16 |  35.1 C#1  65% 67% |   84  0.14 | 0.116  0.15 0.61 |  3.4  1.4  2.2  1.9
 32.000   48   15    7   14   16 |  35.0 C#1  73% 61% |   85  0.14 | 0.395  0.49 0.41 |  4.1  2.2  2.8  2.2
 40.000   48   21    6   12   12 |  43.8 F1   10% 25% |   88  0.13 | 0.395  0.49 0.39 |  6.6  2.9  4.4  4.5
 48.000   13   32    6   29   21 |  59.2 A#1  33%  0% |  378 41.72 | 0.116  0.15 1.00 |  3.5  2.0  3.4  3.8
 56.000   60   15    2   11   13 |  35.1 C#1  77% 37% |   62  0.04 | 0.395  0.49 1.00 |  4.5  1.9  2.5  2.2
 64.000   60   14    3   11   13 |  35.3 C#1  69% 61% |   63  0.05 | 0.116  0.15 0.81 |  4.4  2.6  3.9  2.9
 72.000   58   14    3   12   13 |  35.1 C#1  68% 56% |   66  0.05 | 0.116  0.15 0.74 |  4.0  2.0  2.9  2.8
 80.000   62   15    2   11   10 |  35.1 C#1  65% 52% |   60  0.04 | 0.116  0.15 0.57 |  2.9  0.9  2.8  2.9
 88.000   54   18    4   12   13 |  36.6 D1   18% 41% |   80  0.09 | 0.186  0.23 0.69 |  4.2  1.5  2.8  2.5
 96.000   32   29    9   14   15 | 106.5 G#2  70% 19% |  114  0.22 | 0.116  0.15 1.00 |  5.6  3.8  7.0  6.5
104.000   44   16    4   17   18 |  34.7 C#1  65% 58% |   73  0.08 | 0.116  0.15 1.00 |  4.2  3.0  3.8  4.9
112.000   49   12    4   18   17 |  35.4 C#1  56% 46% |   73  0.08 | 0.116  0.15 1.00 |  4.6  2.2  4.4  3.6
120.000   54   11    4   16   15 |  34.7 C#1  83% 68% |   75  0.09 | 0.116  0.15 0.89 |  3.2  1.4  3.0  5.5
128.000   60   14    7   10   10 |  35.0 C#1  49% 74% |   85  0.15 | 0.116  0.15 0.87 |  3.2  0.8  1.4  2.2
136.000   68   16    9    6    1 |  46.4 F#1  40% 99% |   81  0.14 | 0.116  0.15 0.47 |  0.1  0.0  0.2  0.5
144.000   62   17    9   11    2 |  46.5 F#1  20% 98% |   90  0.15 | 0.116  0.15 0.48 |  1.2  0.0  0.0  2.2
152.000   63   11   10   13    2 |  41.7 E1   58% 74% |   92  0.18 | 0.116  0.15 1.00 |  0.5  0.0  0.0  1.5
