# SeeYouDrop  grain 4bar (24 slices, bar-synchronous on the 150.03 bpm grid)  STFT 16384
   t(s)   dur  sub bass  lm  mid high | f0Hz note held vcd | cen   h/f | low click mid high
  0.017 6.399    0   36   39   12   12 | 109.8 A2   59% 62% |  198  1.39 |  1.2  0.2  0.6  1.1
  6.416 6.399    0   23   21   31   24 |  92.8 F#2  58% 48% |  221  1.57 |  0.8  0.0  0.0  4.1
 12.815 6.399   69   10    4    6   10 |  55.1 A1   37% 98% |   71  0.07 |  0.9  0.0  0.3  0.9
 19.213 6.399   75    2    5    7   12 |  46.5 F#1  55% 90% |   64  0.07 |  0.3  0.0  0.6  1.6
 25.612 6.399   49   14    7   15   16 |  34.9 C#1  79% 68% |   85  0.14 |  4.2  1.9  2.7  2.2
 32.011 6.399   48   14    7   14   16 |  34.9 C#1  79% 68% |   87  0.15 |  3.6  2.2  2.5  2.3
 38.409 6.399   48   20    5   13   14 |  39.4 D#1  11% 33% |   83  0.10 |  5.8  1.7  2.5  2.3
 44.808 6.399   35   32    8   13   12 |  55.5 A1   66%  7% |  101  0.20 |  5.6  3.0  6.2  6.6
 51.207 6.399    1    1    3   55   40 |   0.0 -     0%  0% |  420 66.63 |  3.9  2.5  2.7  2.5
 57.606 6.399   63   15    2    8   11 |  35.1 C#1  77% 46% |   54  0.03 |  4.4  1.7  2.3  2.2
 64.004 6.399   62   12    3   10   12 |  35.2 C#1  71% 68% |   61  0.04 |  4.1  2.2  3.6  2.7
 70.403 6.399   58   15    3   12   13 |  35.1 C#1  69% 56% |   67  0.05 |  4.5  2.7  3.4  2.8
 76.802 6.399   59   15    3   12   12 |  35.1 C#1  63% 54% |   61  0.04 |  3.0  1.1  3.0  2.8
 83.200 6.399   62   16    2   10   10 |  35.0 C#1  66% 51% |   60  0.04 |  2.7  0.9  2.7  3.0
 89.599 6.399   48   20    5   13   14 |  39.3 D#1  12% 33% |   84  0.10 |  5.2  1.9  2.7  2.5
 95.998 6.399   33   32    9   13   12 |  55.5 A1   77%  6% |  101  0.20 |  5.0  3.1  6.7  6.1
102.397 6.399   39   13    4   20   24 |  49.3 G1    1% 63% |  127  0.24 |  5.0  3.9  4.5  5.8
108.795 6.399   51   16    3   15   14 |  34.8 C#1  72% 46% |   69  0.06 |  4.8  2.7  4.5  4.4
115.194 6.399   49   12    4   18   18 |  35.0 C#1  61% 60% |   74  0.10 |  4.2  1.6  3.8  3.4
121.593 6.399   53   12    4   16   15 |  34.7 C#1  79% 64% |   76  0.10 |  3.1  1.7  3.1  5.9
127.991 6.399   57   14    5   11   12 |  34.7 C#1  66% 68% |   82  0.11 |  4.1  0.9  1.7  2.8
134.390 6.399   66   18   10    5    0 |  47.2 F#1  50% 99% |   82  0.14 |  0.0  0.0  0.0  0.0
140.789 6.399   72   11    9    7    2 |  40.6 E1   49% 98% |   79  0.14 |  0.5  0.0  0.3  1.4
147.188 6.399   61   18    9   12    1 |  48.2 G1    1% 99% |   92  0.15 |  1.4  0.0  0.0  2.5
