# SeeYouDrop  grain 3 s  STFT 16384 (0.372 s window)  pitch: YIN 100 ms / 10 ms hop  onsets: per second  subwob: yes
   t(s)  sub bass  lm  mid high | f0Hz note held vcd | cen   h/f | subwob beats depth | low click mid high
  0.000    1   34   31    4   30 | 104.3 G#2  84% 42% |  176  0.96 | 0.116  0.15 0.99 |  2.0  0.3  1.3  0.0
  3.000    0   40   44   15    1 | 110.1 A2   90% 79% |  210  1.83 | 0.116  0.15 0.98 |  0.7  0.0  0.0  2.0
  6.000    0   41   28   19   11 |  93.1 F#2  82% 67% |  200  0.97 | 0.116  0.15 0.96 |  0.3  0.0  0.0  4.0
  9.000    0   12   18   41   28 |  84.3 E2   59% 31% |  240  2.19 | 0.116  0.15 0.80 |  0.7  0.0  0.0  4.3
 12.000   62    5    7    9   17 |  34.8 C#1  80% 86% |   63  0.08 | 0.116  0.15 1.00 |  0.7  0.0  0.7  1.0
 15.000   78    2    4    7    9 |  55.3 A1   66% 98% |   72  0.07 | 0.116  0.15 0.18 |  1.3  0.0  0.0  1.3
 18.000   60   20    4    6   11 |  46.5 F#1  59% 99% |   73  0.06 | 0.116  0.15 0.88 |  0.7  0.0  0.0  0.7
 21.000   80    2    3    6    9 |  41.5 E1   51% 100% |   61  0.05 | 0.116  0.15 0.11 |  0.3  0.0  1.0  2.7
 24.000   53    9    8   12   18 |  41.4 E1   44% 65% |   94  0.15 | 0.116  0.15 1.00 |  3.0  0.3  1.7  1.0
 27.000   49   14    8   14   15 |  34.9 C#1  81% 69% |   82  0.14 | 0.395  0.49 0.34 |  3.3  2.0  2.3  2.7
 30.000   47   15    6   15   17 |  34.9 C#1  78% 68% |   85  0.12 | 0.395  0.49 0.42 |  4.3  2.3  2.7  1.3
 33.000   50   13    8   14   15 |  34.9 C#1  80% 69% |   82  0.15 | 0.395  0.49 0.35 |  4.0  2.0  2.3  3.3
 36.000   48   16    7   14   16 |  35.0 C#1  73% 62% |   87  0.15 | 0.395  0.49 0.42 |  3.3  2.3  3.0  1.7
 39.000   48   20    5   13   14 |  39.7 D#1  12% 33% |   83  0.10 | 0.395  0.49 0.45 |  6.0  1.7  2.3  3.0
 42.000   49   21    4   13   13 |  39.3 D#1  12% 31% |   85  0.09 | 0.395  0.49 0.46 |  5.7  2.0  2.7  2.3
 45.000   46   22    9   11   11 |  55.4 A1   72% 13% |   92  0.19 | 0.116  0.15 0.12 |  8.0  4.7  8.0  7.7
 48.000   19   46    7   17   12 |  59.2 A#1  33%  1% |  128  0.22 | 0.116  0.15 1.00 |  3.3  1.0  5.0  5.7
 51.000    2    2    6   50   40 |   0.0 -     0%  0% |  412 80.59 | 0.116  0.15 0.99 |  3.7  2.7  2.7  2.7
 54.000    0    0    2   56   42 |   0.0 -     0%  0% |  410 59.33 | 1.393  1.74 0.80 |  3.7  2.3  2.3  2.3
 57.000   67   10    2   10   11 |  35.0 C#1  84% 54% |   54  0.03 | 0.395  0.49 1.00 |  4.7  2.3  2.3  2.7
 60.000   62   18    2    8   11 |  35.2 C#1  74% 42% |   51  0.02 | 0.116  0.15 0.74 |  4.3  1.7  2.7  2.7
 63.000   49   18    4   13   17 |  35.1 C#1  59% 41% |   89  0.10 | 0.116  0.15 1.00 |  5.0  2.3  4.0  2.7
 66.000   64   12    2   11   12 |  35.0 C#1  77% 67% |   60  0.04 | 1.184  1.48 0.40 |  3.7  2.3  3.3  2.3
 69.000   59   15    3   10   12 |  35.8 D1   53% 57% |   61  0.06 | 0.116  0.15 0.82 |  4.7  2.7  3.7  2.7
 72.000   62   13    2   11   12 |  35.0 C#1  80% 66% |   63  0.04 | 0.395  0.49 0.48 |  4.0  2.3  3.0  3.0
 75.000   56   14    4   11   15 |  35.5 C#1  53% 59% |   68  0.05 | 0.116  0.15 1.00 |  4.3  2.0  2.7  2.0
 78.000   57   16    2   13   12 |  35.3 C#1  58% 42% |   62  0.05 | 0.116  0.15 0.62 |  3.3  1.3  3.3  3.0
 81.000   62   14    2   11   10 |  34.8 C#1  76% 61% |   59  0.04 | 0.116  0.15 0.92 |  2.0  0.7  4.0  3.0
 84.000   61   17    2   10   10 |  35.5 C#1  52% 42% |   62  0.04 | 0.116  0.15 0.59 |  4.0  1.3  1.7  3.0
 87.000   64   14    2    9   10 |  35.0 C#1  69% 60% |   59  0.04 | 0.116  0.15 0.44 |  1.3  0.3  2.7  2.3
 90.000   48   20    6   12   14 |  39.1 D#1  13% 33% |   84  0.10 | 0.395  0.49 0.45 |  5.3  2.0  3.0  3.0
 93.000   49   20    5   14   13 |  39.4 D#1  12% 33% |   84  0.10 | 0.395  0.49 0.45 |  5.3  1.7  2.0  2.3
 96.000   46   22   10   10   12 |  55.5 A1   78% 12% |   95  0.19 | 0.372  0.46 0.13 |  7.7  5.0  8.3  7.0
 99.000   20   44    8   17   11 |   0.0 -     0%  1% |  128  0.22 | 0.116  0.15 1.00 |  2.0  1.0  5.7  5.7
102.000   14   11    7   27   42 | 106.6 G#2  84% 61% |  296  2.38 | 0.116  0.15 1.00 |  7.3  5.7  6.3  6.7
105.000   45   14    4   18   19 |  34.7 C#1  81% 57% |   72  0.08 | 0.116  0.15 1.00 |  3.7  2.7  3.3  4.7
108.000   47   18    3   17   15 |  34.7 C#1  83% 57% |   70  0.06 | 0.116  0.15 0.79 |  4.3  2.3  2.3  5.0
111.000   55   15    3   13   13 |  35.0 C#1  64% 49% |   68  0.05 | 0.116  0.15 0.70 |  5.0  3.3  6.3  4.3
114.000   52   12    3   17   16 |  35.3 C#1  71% 44% |   65  0.05 | 0.116  0.15 0.54 |  4.0  1.3  3.3  3.0
117.000   36   14    6   22   23 |  42.3 E1    7% 50% |  174  0.43 | 0.116  0.15 1.00 |  4.7  2.7  4.7  3.7
120.000   58   10    4   15   14 |  34.7 C#1  94% 81% |   69  0.08 | 1.207  1.51 0.51 |  3.3  0.0  3.3  3.7
123.000   49   11    4   18   18 |  34.7 C#1  71% 55% |   90  0.13 | 0.116  0.15 1.00 |  2.7  1.7  2.7  6.3
126.000   55   14    4   14   13 |  34.7 C#1  81% 67% |   76  0.10 | 0.116  0.15 0.74 |  4.7  2.7  3.3  7.0
129.000   54   14    4   12   16 |  35.6 C#1  72% 46% |   82  0.09 | 0.116  0.15 1.00 |  4.3  1.3  2.3  3.7
132.000   68   15    9    5    3 |  34.7 C#1  53% 98% |   85  0.17 | 0.116  0.15 0.37 |  2.3  0.0  0.0  0.0
135.000   59   23   14    4    0 |  55.3 A1   60% 98% |   88  0.19 | 0.116  0.15 0.87 |  0.0  0.0  0.0  0.0
138.000   75   11    6    7    0 |  46.5 F#1  94% 100% |   80  0.12 | 0.116  0.15 0.09 |  0.0  0.0  0.0  0.0
141.000   73    9   11    6    1 |  41.4 E1   100% 100% |   80  0.15 | 1.138  1.42 0.07 |  0.3  0.0  0.7  1.3
144.000   70   12    6    9    2 |  34.8 C#1  77% 96% |   78  0.13 | 0.116  0.15 0.19 |  0.3  0.0  0.0  1.7
147.000   58   18   12   11    1 |  55.3 A1   78% 99% |  110  0.24 | 0.116  0.15 0.83 |  2.7  0.0  0.0  2.3
150.000   62   19    6   12    1 |  46.5 F#1  86% 99% |   85  0.12 | 0.116  0.15 0.82 |  0.3  0.0  0.0  2.7
153.000   65   11   10   12    2 |  41.5 E1   77% 100% |   88  0.17 | 0.836  1.04 0.17 |  0.7  0.0  0.0  2.7
156.000    7   25   22   34   12 |  41.5 E1   62%  5% |  227  1.52 | 0.116  0.15 1.00 |  0.7  0.0  0.0  0.7
