# SeeYouDrop  grain 5 s  STFT 16384 (0.372 s window)  pitch: YIN 100 ms / 10 ms hop  onsets: per second  subwob: yes
   t(s)  sub bass  lm  mid high | f0Hz note held vcd | cen   h/f | subwob beats depth | low click mid high
  0.000    0   40   36    9   15 | 109.5 A2   63% 61% |  182  1.18 | 0.116  0.15 1.00 |  1.4  0.2  0.8  0.4
  5.000    0   34   29   24   13 |  93.5 F#2  62% 57% |  217  1.22 | 0.116  0.15 0.97 |  0.6  0.0  0.0  4.2
 10.000   45    6   10   18   21 |  34.9 C#1  64% 65% |  195  1.38 | 0.116  0.15 1.00 |  0.6  0.0  0.4  2.2
 15.000   68   12    4    7   10 |  55.3 A1   47% 98% |   73  0.06 | 0.116  0.15 0.88 |  1.2  0.0  0.0  1.0
 20.000   79    2    4    6   10 |  45.4 F#1  49% 97% |   63  0.06 | 0.116  0.15 0.16 |  0.2  0.0  0.6  1.8
 25.000   44   14    8   15   18 |  34.9 C#1  75% 63% |   90  0.16 | 0.116  0.15 0.99 |  3.8  1.4  2.4  2.2
 30.000   48   15    7   14   16 |  34.9 C#1  78% 68% |   86  0.14 | 0.395  0.49 0.41 |  4.6  2.2  2.6  2.0
 35.000   48   16    6   14   15 |  35.0 C#1  69% 58% |   84  0.12 | 0.395  0.49 0.40 |  3.6  2.2  3.0  2.4
 40.000   48   20    5   13   13 |  39.7 D#1  11% 32% |   84  0.10 | 0.395  0.49 0.45 |  5.8  1.8  2.2  2.6
 45.000   36   34    8   12   10 |  55.5 A1   67%  9% |   98  0.17 | 0.116  0.15 0.59 |  6.0  3.0  7.4  7.4
 50.000    1    1    7   49   42 |   0.0 -     0%  0% |  424 78.96 | 0.116  0.15 0.95 |  3.6  2.4  2.4  2.6
 55.000   57    9    2   17   15 |  35.0 C#1  84% 33% |  228  1.10 | 0.395  0.49 1.00 |  4.4  2.4  2.4  2.6
 60.000   57   18    2    9   13 |  35.3 C#1  63% 40% |   61  0.04 | 0.116  0.15 1.00 |  4.4  1.8  3.2  2.6
 65.000   63   12    2   11   12 |  35.0 C#1  72% 64% |   60  0.04 | 0.116  0.15 0.48 |  4.4  2.2  3.2  2.4
 70.000   59   15    3   11   12 |  35.2 C#1  75% 59% |   65  0.05 | 0.116  0.15 0.79 |  4.2  2.8  3.6  3.0
 75.000   56   15    3   12   14 |  35.4 C#1  56% 50% |   67  0.05 | 0.116  0.15 0.98 |  4.0  1.8  2.8  2.6
 80.000   60   16    2   11   11 |  34.8 C#1  70% 53% |   61  0.04 | 0.116  0.15 0.64 |  2.8  1.0  3.6  2.8
 85.000   64   15    2    9   10 |  35.2 C#1  67% 55% |   60  0.04 | 0.116  0.15 0.43 |  2.2  0.6  2.2  2.6
 90.000   48   20    5   13   14 |  39.3 D#1  12% 33% |   84  0.10 | 0.395  0.49 0.45 |  5.4  2.0  2.6  2.6
 95.000   41   27    9   12   11 |  53.3 G#1  16% 14% |   96  0.19 | 0.209  0.26 0.54 |  5.8  3.4  7.2  6.0
100.000   15   26    7   23   29 | 106.6 G#2  83% 37% |  283  1.90 | 0.116  0.15 1.00 |  5.4  3.8  5.4  6.2
105.000   47   14    4   18   18 |  34.7 C#1  87% 60% |   70  0.07 | 0.116  0.15 1.00 |  3.8  2.6  2.8  4.8
110.000   51   17    3   15   14 |  35.0 C#1  64% 43% |   70  0.06 | 0.116  0.15 0.71 |  4.6  2.6  5.0  4.2
115.000   45   13    4   19   19 |  37.9 D#1  11% 50% |   78  0.11 | 0.116  0.15 1.00 |  4.6  2.2  4.2  3.4
120.000   58   10    3   15   14 |  34.7 C#1  84% 77% |   70  0.08 | 0.116  0.15 0.63 |  3.0  0.6  3.2  4.4
125.000   52   14    4   15   15 |  34.7 C#1  81% 59% |   79  0.10 | 0.116  0.15 0.97 |  4.6  2.2  2.8  7.4
130.000   58   15    7    8   11 |  34.9 C#1  49% 72% |   85  0.16 | 0.116  0.15 1.00 |  2.8  0.6  1.0  0.6
135.000   65   18   11    5    1 |  55.1 A1   35% 99% |   82  0.15 | 0.116  0.15 0.86 |  0.0  0.0  0.0  0.0
140.000   73   10    9    6    1 |  41.4 E1   64% 99% |   79  0.14 | 0.116  0.15 0.11 |  0.4  0.0  0.4  0.8
145.000   63   16   10   11    1 |  54.8 A1   47% 98% |  101  0.20 | 0.116  0.15 0.22 |  1.6  0.0  0.0  2.4
150.000   63   16    8   12    1 |  46.4 F#1  63% 99% |   88  0.15 | 0.116  0.15 0.21 |  0.6  0.0  0.0  2.6
155.000   55   12   13   16    5 |  41.4 E1   97% 43% |  187  0.71 | 0.116  0.15 1.00 |  0.4  0.0  0.0  1.0
