# SeeYouDrop  grain beat (393 slices, bar-synchronous on the 150.03 bpm grid)  STFT 4096
   t(s)   dur  sub bass  lm  mid high | f0Hz note held vcd | cen   h/f | low click mid high
  0.017 0.400   39   20    3    1   38 | 104.4 G#2  75% 76% |  126  0.21 |  0.0  0.0  0.0  0.0
  0.417 0.400    0   11   16    2   70 |   0.0 -     0%  0% |  170  1.16 |  0.0  0.0  0.0  0.0
  0.817 0.400    0   46   26    2   27 | 104.8 G#2  100% 85% |  156  0.59 |  5.0  0.0  0.0  0.0
  1.217 0.400    0   59   31    2    8 |   0.0 -     0%  0% |  163  0.50 |  2.5  2.5  2.5  0.0
  1.617 0.400    0   43   52    3    2 | 105.6 G#2  90% 50% |  183  1.29 |  2.5  0.0  2.5  0.0
  2.017 0.400    0   47   50    3    0 | 103.7 G#2  100% 68% |  194  1.90 |  0.0  0.0  2.5  0.0
  2.417 0.400    0   15   74   11    0 | 103.2 G#2  100% 10% |  219  5.71 |  5.0  0.0  2.5  0.0
  2.817 0.400    0   23   54   24    0 | 109.7 A2   71% 42% |  233  2.59 |  0.0  0.0  0.0  0.0
  3.217 0.400    0   47   42   11    0 | 110.4 A2   92% 100% |  188  2.31 |  0.0  0.0  0.0  0.0
  3.617 0.400    0   41   47   12    0 | 110.0 A2   100% 100% |  191  1.87 |  0.0  0.0  0.0  0.0
  4.016 0.400    0   56   31   13    0 | 109.7 A2   100% 85% |  198  1.38 |  0.0  0.0  0.0  0.0
  4.416 0.400    0   46   38   15    0 | 110.4 A2   100% 100% |  162  0.82 |  2.5  0.0  0.0  2.5
  4.816 0.400    0   37   45   17    1 | 110.4 A2   100% 92% |  215  1.48 |  2.5  0.0  0.0  5.0
  5.216 0.400    0   21   60   18    2 | 109.9 A2   100% 57% |  235  7.63 |  0.0  0.0  0.0  5.0
  5.616 0.400    0   32   47   19    2 | 122.5 B2   100% 45% |  250  8.15 |  0.0  0.0  0.0  2.5
  6.016 0.400    0   23   47   26    3 | 124.3 B2   84% 76% |  228  6.39 |  0.0  0.0  0.0  2.5
  6.416 0.400    0   40   30   23    7 |  93.2 F#2  95% 50% |  199  1.09 |  0.0  0.0  0.0  7.5
  6.816 0.400    0   49   25   19    7 |  93.5 F#2  100% 70% |  187  0.72 |  0.0  0.0  0.0  2.5
  7.216 0.400    0   32   34   23   11 |  93.0 F#2  100% 57% |  187  1.37 |  0.0  0.0  0.0  2.5
  7.616 0.400    0   47   22   20   11 |  92.2 F#2  100% 100% |  167  0.58 |  0.0  0.0  0.0  2.5
  8.016 0.400    0   45   29   13   13 |  93.6 F#2  100% 50% |  170  0.74 |  0.0  0.0  0.0  5.0
  8.416 0.400    0   31   33   16   20 |  93.3 F#2  100% 50% |  201  1.14 |  2.5  0.0  0.0  5.0
  8.815 0.400    0   24   27   23   26 |  92.4 F#2  94% 78% |  218  1.40 |  0.0  0.0  0.0  5.0
  9.215 0.400    0   16   27   29   28 | 121.1 B2   100%  8% |  232  3.17 |  2.5  0.0  0.0  7.5
  9.615 0.400    0   12   13   52   23 |  82.9 E2   90% 25% |  232  1.82 |  0.0  0.0  0.0  2.5
 10.015 0.400    0    7   13   54   25 |  83.9 E2   89% 48% |  259  3.36 |  2.5  0.0  0.0  5.0
 10.415 0.400    0    6   18   43   33 |  83.7 E2   100% 15% |  279  5.09 |  0.0  0.0  0.0  2.5
 10.815 0.400    0   16   25   31   28 |  83.2 E2   100% 59% |  188  1.66 |  0.0  0.0  0.0  5.0
 11.215 0.400    0    8   20   43   28 | 122.6 B2   100% 15% |  208  2.28 |  0.0  0.0  0.0  7.5
 11.615 0.400    0   12   16   40   32 | 122.6 B2   100% 30% |  234  1.92 |  0.0  0.0  0.0  0.0
 12.015 0.400    0    8   16   36   41 |  83.4 E2   100% 48% |  279  2.99 |  0.0  0.0  0.0  2.5
 12.415 0.400    1   11   26   21   41 | 118.3 A#2  44% 68% |  243  4.00 |  5.0  0.0  0.0  2.5
 12.815 0.400   58   17    3    5   18 |  34.8 C#1  85% 82% |   55  0.06 |  0.0  0.0  0.0  0.0
 13.215 0.400   69    1    4    6   20 |  34.8 C#1  100% 100% |   55  0.06 |  0.0  0.0  0.0  0.0
 13.614 0.400   76    1    4    8   11 |  34.8 C#1  100% 100% |   64  0.09 |  0.0  0.0  0.0  0.0
 14.014 0.400   77    2    7    4   11 |  34.8 C#1  100% 100% |   62  0.09 |  0.0  0.0  0.0  0.0
 14.414 0.400   77    1    6    4   11 |  34.8 C#1  100% 100% |   59  0.09 |  0.0  0.0  2.5  0.0
 14.814 0.400   76    3    5    4   11 |  34.8 C#1  87% 98% |   56  0.06 |  0.0  0.0  2.5  2.5
 15.214 0.400   67    3    5   11   15 |  27.6 A0   100% 90% |   58  0.09 |  5.0  0.0  0.0  2.5
 15.614 0.400   65    4    7    9   15 |  27.6 A0   100% 100% |   67  0.13 |  5.0  0.0  0.0  2.5
 16.014 0.400   58   21    4    8    9 |  55.3 A1   92% 100% |   75  0.07 |  0.0  0.0  0.0  0.0
 16.414 0.400   62   22    3    5    8 |  55.3 A1   100% 100% |   72  0.06 |  0.0  0.0  0.0  2.5
 16.814 0.400   60   20    3    8    9 |  55.3 A1   100% 100% |   66  0.05 |  0.0  0.0  0.0  0.0
 17.214 0.400   61   21    3    7    8 |  55.3 A1   100% 100% |   69  0.06 |  0.0  0.0  0.0  2.5
 17.614 0.400   60   19    4    8    9 |  55.3 A1   100% 100% |   69  0.06 |  0.0  0.0  0.0  0.0
 18.014 0.400   58   24    3    7    9 |  55.3 A1   85% 100% |   71  0.05 |  0.0  0.0  0.0  0.0
 18.414 0.400   24   59    3    5    8 |  62.1 B1   98% 100% |   76  0.05 |  2.5  0.0  0.0  2.5
 18.813 0.400   23   55    5    5   11 |  62.1 B1   98% 100% |   84  0.08 |  2.5  0.0  0.0  0.0
 19.213 0.400   73    4    2    8   13 |  46.5 F#1  97% 92% |   65  0.06 |  0.0  0.0  0.0  0.0
 19.613 0.400   74    2    4    7   13 |  46.5 F#1  100% 100% |   67  0.06 |  0.0  0.0  0.0  0.0
 20.013 0.400   77    2    4    7   10 |  46.5 F#1  100% 100% |   68  0.07 |  0.0  0.0  0.0  0.0
 20.413 0.400   79    2    5    4   10 |  46.5 F#1  100% 100% |   67  0.07 |  0.0  0.0  0.0  2.5
 20.813 0.400   78    2    6    4   10 |  46.5 F#1  100% 100% |   68  0.07 |  0.0  0.0  0.0  0.0
 21.213 0.400   80    1    5    4   10 |  46.5 F#1  100% 100% |   62  0.06 |  0.0  0.0  0.0  2.5
 21.613 0.400   78    3    3    6    9 |  46.5 F#1  100% 100% |   62  0.05 |  0.0  0.0  0.0  2.5
 22.013 0.400   81    2    4    5    9 |  46.5 F#1  100% 100% |   62  0.05 |  2.5  0.0  0.0  2.5
 22.413 0.400   78    2    2    9    9 |  41.4 E1   90% 100% |   52  0.03 |  0.0  0.0  0.0  0.0
 22.813 0.400   82    1    3    5    9 |  41.4 E1   100% 100% |   54  0.04 |  0.0  0.0  2.5  5.0
 23.213 0.400   79    2    4    6    9 |  41.4 E1   100% 100% |   65  0.08 |  0.0  0.0  2.5  2.5
 23.612 0.400   78    1    4    7    9 |  41.4 E1   100% 100% |   59  0.06 |  0.0  0.0  2.5  5.0
 24.012 0.400   78    1    5    6   11 |  41.4 E1   100% 100% |   66  0.09 |  0.0  0.0  0.0  0.0
 24.412 0.400   82    1    4    5    8 |  41.4 E1   100% 100% |   56  0.05 |  0.0  0.0  0.0  0.0
 24.812 0.400    5    4   15   30   46 |  42.1 E1   75% 10% |  317  5.41 |  0.0  0.0  0.0  2.5
 25.212 0.400    0    9   27   23   41 | 111.0 A2   82% 41% |  269  3.08 |  2.5  0.0  2.5  0.0
 25.612 0.400   42   14    4   16   24 |  34.9 C#1  78% 68% |   77  0.10 |  7.5  0.0  5.0  0.0
 26.012 0.400   42   17    9   12   20 |  35.0 C#1  78% 68% |   77  0.13 |  5.0  0.0  2.5  2.5
 26.412 0.400   45   18    7   16   14 |  34.9 C#1  85% 65% |  107  0.18 |  5.0  2.5  2.5  2.5
 26.812 0.400   48   16   12   11   13 |  34.9 C#1  76% 72% |   93  0.24 |  2.5  0.0  2.5  2.5
 27.212 0.400   45   15    9   13   19 |  34.9 C#1  82% 70% |   79  0.16 |  5.0  5.0  2.5  2.5
 27.612 0.400   46   15   10   13   16 |  34.9 C#1  79% 70% |   79  0.18 |  5.0  2.5  2.5  5.0
 28.012 0.400   46   18    6   15   15 |  34.9 C#1  81% 65% |   66  0.10 |  2.5  2.5  2.5  2.5
 28.412 0.400   48   16    9   13   14 |  34.9 C#1  78% 68% |   79  0.14 |  2.5  0.0  2.5  2.5
 28.811 0.400   45   15    4   20   16 |  34.9 C#1  78% 68% |   65  0.05 |  5.0  5.0  2.5  2.5
 29.211 0.400   47   16    8   13   16 |  34.9 C#1  79% 70% |   81  0.17 |  0.0  0.0  2.5  2.5
 29.611 0.400   47   17    4   17   15 |  35.0 C#1  81% 68% |   59  0.04 |  5.0  0.0  2.5  0.0
 30.011 0.400   46   17    8   13   15 |  34.9 C#1  81% 63% |   81  0.16 |  5.0  2.5  2.5  5.0
 30.411 0.400   45   16    3   20   16 |  34.9 C#1  81% 68% |   73  0.08 |  2.5  2.5  2.5  2.5
 30.811 0.400   45   15    6   19   14 |  35.0 C#1  72% 72% |   81  0.10 |  2.5  2.5  2.5  2.5
 31.211 0.400   49   17    5   16   13 |  34.9 C#1  82% 70% |   62  0.08 |  7.5  0.0  2.5  0.0
 31.611 0.400   45   18    9   12   17 |  34.9 C#1  76% 72% |   72  0.10 |  5.0  5.0  2.5  0.0
 32.011 0.400   41   14    3   16   25 |  34.9 C#1  79% 70% |   73  0.08 |  2.5  0.0  2.5  0.0
 32.411 0.400   40   17    9   13   21 |  35.0 C#1  78% 68% |   79  0.13 |  5.0  5.0  2.5  0.0
 32.811 0.400   47   16    6   16   15 |  34.9 C#1  78% 68% |  104  0.18 |  2.5  0.0  2.5  2.5
 33.211 0.400   48   16   12   10   14 |  34.8 C#1  78% 68% |  100  0.29 |  5.0  2.5  2.5  2.5
 33.610 0.400   45   15    8   12   20 |  34.9 C#1  81% 68% |   74  0.15 |  2.5  2.5  2.5  2.5
 34.010 0.400   46   15   10   14   15 |  35.0 C#1  81% 68% |   83  0.17 |  7.5  2.5  2.5  5.0
 34.410 0.400   46   17    7   15   15 |  35.0 C#1  78% 68% |   65  0.09 |  5.0  2.5  2.5  2.5
 34.810 0.400   49   16    8   13   14 |  34.9 C#1  81% 63% |   69  0.09 |  5.0  0.0  2.5  2.5
 35.210 0.400   45   15    4   20   16 |  34.9 C#1  72% 72% |   58  0.04 |  5.0  5.0  2.5  2.5
 35.610 0.400   49   15    7   14   15 |  34.9 C#1  82% 70% |   68  0.12 |  0.0  0.0  2.5  5.0
 36.010 0.400   45   16    8   17   14 |  34.9 C#1  82% 70% |   80  0.13 |  5.0  5.0  2.5  2.5
 36.410 0.400   46   16    8   14   16 |  34.9 C#1  85% 65% |   80  0.10 |  0.0  0.0  2.5  2.5
 36.810 0.400   46   16    8   15   16 |  34.9 C#1  78% 68% |   83  0.17 |  5.0  2.5  2.5  2.5
 37.210 0.400   44   17    9   15   15 |  34.9 C#1  82% 70% |   82  0.09 |  2.5  2.5  2.5  2.5
 37.610 0.400   47   16    6   16   15 |  34.9 C#1  75% 70% |   90  0.18 |  2.5  2.5  2.5  0.0
 38.010 0.400   45   19    8   11   17 |  34.9 C#1  79% 70% |   91  0.18 |  2.5  2.5  2.5  2.5
 38.409 0.400   43   23    6   12   17 |  40.3 E1    7% 35% |   71  0.11 |  5.0  0.0  5.0  0.0
 38.809 0.400   43   22    5   14   16 |  39.9 D#1  14% 35% |   80  0.13 |  7.5  5.0  2.5  2.5
 39.209 0.400   45   24    5   12   14 |  39.3 D#1   8% 32% |   71  0.09 |  2.5  2.5  5.0  0.0
 39.609 0.400   43   24    6   14   14 |  39.3 D#1  15% 32% |   99  0.16 |  7.5  0.0  2.5  5.0
 40.009 0.400   45   23    7   12   14 |  40.9 E1    8% 32% |  100  0.14 |  5.0  0.0  2.5  2.5
 40.409 0.400   44   22    4   17   14 |  39.4 D#1  15% 32% |   82  0.10 |  5.0  2.5  2.5  2.5
 40.809 0.400   43   24    6   13   14 |  40.6 E1   14% 35% |   92  0.17 |  7.5  2.5  0.0  5.0
 41.209 0.400   45   24    4   13   15 |  39.4 D#1  17% 30% |   72  0.09 |  7.5  0.0  2.5  2.5
 41.609 0.400   43   23    6   13   15 |  39.1 D#1   0% 35% |   83  0.11 |  5.0  2.5  0.0  2.5
 42.009 0.400   45   22    5   13   16 |  38.6 D#1   8% 32% |   83  0.09 |  5.0  0.0  2.5  2.5
 42.409 0.400   42   22    5   17   13 |  39.6 D#1  14% 35% |  112  0.21 |  5.0  2.5  2.5  0.0
 42.809 0.400   45   24    4   13   15 |  39.2 D#1  15% 32% |   79  0.08 |  7.5  0.0  2.5  0.0
 43.209 0.400   43   23    4   14   15 |  38.3 D#1  25% 30% |   92  0.12 |  5.0  2.5  2.5  5.0
 43.608 0.400   48   24    3   13   12 |  42.7 F1    0% 35% |   74  0.07 |  5.0  2.5  2.5  2.5
 44.008 0.400   47   23    4   16   11 |  39.4 D#1  15% 32% |   79  0.11 | 10.0  5.0  2.5  2.5
 44.408 0.400   51   24    5   10   11 |  40.3 E1   14% 34% |   78  0.08 |  2.5  0.0  2.5  2.5
 44.808 0.400   43   30    8   10   10 |  55.4 A1   60% 12% |   84  0.10 |  7.5  7.5  7.5  7.5
 45.208 0.400   42   27    8   11   12 |  55.1 A1   83% 15% |   87  0.13 |  7.5  2.5  5.0  7.5
 45.608 0.400   43   27    7   12   11 |  54.9 A1   67% 15% |   82  0.11 |  5.0  5.0  7.5  5.0
 46.008 0.400   42   27    8   11   12 |  54.9 A1   60% 12% |   88  0.14 |  7.5  2.5  7.5  5.0
 46.408 0.400   41   26   13    9   10 |  56.0 A1   80% 12% |   91  0.20 | 12.5 10.0  7.5 10.0
 46.808 0.400   41   25   12   12   10 |  55.7 A1   71% 18% |   94  0.21 |  7.5  7.5 10.0 10.0
 47.208 0.400   42   26   11   10   10 |  55.5 A1   71% 18% |   95  0.19 | 10.0  2.5  7.5  5.0
 47.608 0.400   41   26   11   12   10 |   0.0 -     0%  0% |   95  0.18 |  5.0  0.0 10.0 10.0
 48.008 0.400   16   53   12   11    8 |   0.0 -     0%  0% |  127  0.22 |  2.5  0.0  5.0  5.0
 48.407 0.400   15   58    5   16    7 |   0.0 -     0%  0% |  125  0.16 |  0.0  0.0 10.0  7.5
 48.807 0.400   16   56    4   15    8 |   0.0 -     0%  0% |  108  0.12 |  2.5  2.5 10.0 10.0
 49.207 0.400   13   58    5   15    9 |   0.0 -     0%  2% |   99  0.10 |  5.0  0.0  7.5  7.5
 49.607 0.400   26   41    8   13   12 |  57.9 A#1  100%  5% |  130  0.44 |  5.0  0.0  0.0  7.5
 50.007 0.400    0    0    3   55   42 |   0.0 -     0%  0% |  485 99.00 |  5.0  2.5  2.5  2.5
 50.407 0.400    0    0    6   45   50 |   0.0 -     0%  0% |  490 99.00 |  5.0  2.5  2.5  2.5
 50.807 0.400    5    7   23   15   51 |   0.0 -     0%  0% |  314 27.85 |  2.5  2.5  0.0  2.5
 51.207 0.400    3    3    5   56   33 |   0.0 -     0%  0% |  446 83.28 |  2.5  2.5  5.0  2.5
 51.607 0.400    0    0    6   57   36 |   0.0 -     0%  0% |  445 99.00 |  2.5  2.5  2.5  2.5
 52.007 0.400    0    0    2   67   31 |   0.0 -     0%  0% |  459 99.00 |  2.5  2.5  2.5  2.5
 52.407 0.400    0    0    4   57   39 |   0.0 -     0%  0% |  445 99.00 |  2.5  2.5  2.5  2.5
 52.807 0.400    0    0    4   57   39 |   0.0 -     0%  0% |  424 99.00 |  5.0  2.5  2.5  2.5
 53.206 0.400    0    0    3   52   45 |   0.0 -     0%  0% |  426 72.47 |  5.0  2.5  2.5  2.5
 53.606 0.400    0    0    3   55   42 |   0.0 -     0%  0% |  356 57.00 |  5.0  2.5  2.5  2.5
 54.006 0.400    0    0    2   49   49 |   0.0 -     0%  0% |  429 90.50 |  2.5  2.5  2.5  2.5
 54.406 0.400    0    0    2   55   43 |   0.0 -     0%  0% |  402 46.15 |  5.0  2.5  2.5  2.5
 54.806 0.400    0    0    2   56   41 |   0.0 -     0%  0% |  381 75.43 |  2.5  2.5  2.5  2.5
 55.206 0.400    0    0    2   57   42 |   0.0 -     0%  0% |  380 57.72 |  2.5  2.5  2.5  2.5
 55.606 0.400    0    0    2   65   32 |   0.0 -     0%  0% |  401 39.13 |  5.0  2.5  0.0  2.5
 56.006 0.400    0    0    2   54   45 |   0.0 -     0%  0% |  440 99.00 |  5.0  2.5  5.0  2.5
 56.406 0.400    0    0    2   54   43 |   0.0 -     0%  0% |  376 71.33 |  5.0  2.5  0.0  2.5
 56.806 0.400    0    0    1   56   43 |   0.0 -     0%  0% |  462 85.45 |  5.0  2.5  5.0  2.5
 57.206 0.400    0    2    3   52   44 |   0.0 -     0%  2% |  437 72.40 |  5.0  2.5  2.5  2.5
 57.606 0.400   71   10    2    8    9 |  34.9 C#1  85% 68% |   47  0.02 |  5.0  2.5  2.5  2.5
 58.006 0.400   70   12    1    8    8 |  34.8 C#1  85% 68% |   48  0.01 |  2.5  2.5  2.5  2.5
 58.405 0.400   70   12    2    7    9 |  35.1 C#1  85% 68% |   49  0.02 |  5.0  2.5  2.5  2.5
 58.805 0.400   69    9    2   10    9 |  34.9 C#1  81% 68% |   47  0.03 |  7.5  2.5  2.5  2.5
 59.205 0.400   66   14    2    8   10 |  34.9 C#1  81% 66% |   54  0.03 |  2.5  0.0  2.5  2.5
 59.605 0.400   68   11    1    8   11 |  35.1 C#1  82% 70% |   49  0.02 |  5.0  5.0  2.5  2.5
 60.005 0.400   66   12    2   10   11 |  34.7 C#1  85% 68% |   49  0.02 |  0.0  0.0  2.5  2.5
 60.405 0.400   66   13    2    8   12 |  35.1 C#1  85% 68% |   50  0.02 |  5.0  5.0  2.5  2.5
 60.805 0.400   71   12    1    7    9 |  35.4 C#1  73% 55% |   48  0.01 |  7.5  2.5  2.5  2.5
 61.205 0.400   71   10    2    7   11 |  35.6 C#1  73% 55% |   46  0.02 |  2.5  0.0  2.5  2.5
 61.605 0.400   72   10    2    6   10 |  35.6 C#1  57% 57% |   46  0.02 |  2.5  0.0  2.5  2.5
 62.005 0.400   62   17    1    8   11 |  42.2 E1   100%  5% |   56  0.02 |  7.5  2.5  2.5  5.0
 62.405 0.400   34   39    3    9   15 |   0.0 -     0%  0% |   70  0.04 |  5.0  0.0  2.5  2.5
 62.805 0.400   34   40    3   10   13 |  31.6 B0   100%  5% |   73  0.06 |  5.0  0.0  0.0  0.0
 63.204 0.400   37    5   12   14   32 |  50.4 G1   75% 10% |  348 99.00 |  2.5  0.0  0.0  0.0
 63.604 0.400    4    6   16   21   53 |   0.0 -     0%  0% |  325 26.59 |  5.0  2.5  5.0  0.0
 64.004 0.400   66   17    3    6    8 |  34.8 C#1  79% 80% |   51  0.03 |  2.5  2.5  2.5  2.5
 64.404 0.400    5    9   10   36   40 | 115.1 A#2  24% 72% |  227  1.53 |  7.5  5.0 12.5 10.0
 64.804 0.400   51   16    2   12   18 |  34.8 C#1  75% 70% |   55  0.02 |  2.5  0.0  2.5  2.5
 65.204 0.400   23   29    5   20   23 |   0.0 -     0%  0% |  105  0.15 |  7.5  5.0  5.0  2.5
 65.604 0.400   64   18    2    7    8 |  34.8 C#1  79% 70% |   57  0.03 |  5.0  2.5  5.0  2.5
 66.004 0.400   65    8    3   12   13 |  34.9 C#1  86% 72% |   53  0.04 |  2.5  2.5  2.5  2.5
 66.404 0.400   55   16    2   12   14 |  34.8 C#1  79% 70% |   54  0.03 |  2.5  2.5  0.0  2.5
 66.804 0.400   56   11    2   15   16 |  36.1 D1   67% 45% |   67  0.06 |  5.0  2.5  5.0  2.5
 67.204 0.400   68   17    2    6    7 |  35.0 C#1  82% 70% |   51  0.04 |  5.0  2.5  5.0  2.5
 67.604 0.400   63   10    3   12   13 |  34.8 C#1  83% 75% |   54  0.04 |  2.5  0.0  2.5  2.5
 68.004 0.400   56   16    2   12   14 |  35.0 C#1  72% 72% |   52  0.03 |  2.5  2.5  0.0  2.5
 68.403 0.400   62   10    3   12   12 |  34.9 C#1  86% 70% |   52  0.04 |  2.5  2.5  5.0  2.5
 68.803 0.400   67   17    2    6    7 |  34.9 C#1  79% 68% |   53  0.03 |  5.0  2.5  5.0  2.5
 69.203 0.400   64    8    3   12   13 |  34.9 C#1  83% 72% |   58  0.04 |  5.0  0.0  2.5  2.5
 69.603 0.400   64   13    2   10   11 |  36.8 D1   78% 80% |   50  0.04 |  7.5  2.5  0.0  0.0
 70.003 0.400   77    8    7    2    6 |  35.6 C#1  100% 92% |   62  0.10 |  0.0  0.0  2.5  0.0
 70.403 0.400   65   22    2    4    8 |  36.9 D1   83% 72% |   55  0.01 |  2.5  2.5  2.5  2.5
 70.803 0.400   19   26    6   23   25 |   0.0 -     0%  0% |  101  0.18 |  7.5  5.0  5.0  5.0
 71.203 0.400   54   17    2   13   15 |  34.7 C#1  72% 72% |   56  0.03 |  5.0  2.5  5.0  2.5
 71.603 0.400   23   29    4   23   22 |   0.0 -     0%  0% |  122  0.20 |  7.5  7.5  7.5  5.0
 72.003 0.400   65   19    2    6    8 |  34.7 C#1  89% 68% |   55  0.02 |  5.0  2.5  5.0  2.5
 72.403 0.400   63    9    2   13   14 |  34.8 C#1  86% 72% |   61  0.04 |  2.5  2.5  2.5  2.5
 72.803 0.400   53   17    2   14   14 |  34.7 C#1  75% 70% |   58  0.03 |  2.5  2.5  2.5  2.5
 73.202 0.400   52   14    3   16   16 |  36.0 D1   62% 40% |   76  0.07 |  7.5  2.5  2.5  2.5
 73.602 0.400   66   18    2    6    8 |  35.0 C#1  79% 71% |   54  0.03 |  5.0  2.5  5.0  5.0
 74.002 0.400   63   11    3   12   12 |  34.8 C#1  83% 72% |   58  0.03 |  2.5  2.5  2.5  5.0
 74.402 0.400   55   17    2   12   14 |  34.8 C#1  79% 70% |   55  0.03 |  2.5  0.0  0.0  2.5
 74.802 0.400   60   12    3   12   13 |  34.9 C#1  86% 72% |   62  0.05 |  2.5  2.5  5.0  2.5
 75.202 0.400   66   18    2    6    8 |  34.8 C#1  86% 70% |   55  0.02 |  5.0  2.5  2.5  2.5
 75.602 0.400   59    8    4   14   15 |  34.8 C#1  86% 72% |   69  0.08 |  5.0  2.5  5.0  2.5
 76.002 0.400   55   21    3    9   13 |  36.8 D1   80% 75% |   61  0.04 |  5.0  2.5  0.0  0.0
 76.402 0.400    0    2    9   34   55 |   0.0 -     0%  0% |  426 85.40 |  5.0  0.0  2.5  0.0
 76.802 0.400   67   15    2    7   10 |  35.1 C#1  79% 72% |   45  0.02 |  2.5  2.5  2.5  0.0
 77.202 0.400    0   25   23   23   29 | 112.4 A2   69% 65% |  210  1.13 |  5.0  2.5  5.0  5.0
 77.602 0.400   49   18    2   13   17 |  35.6 C#1  44% 45% |   56  0.03 |  5.0  2.5  0.0  2.5
 78.001 0.400   32   25    4   19   20 |   0.0 -     0%  0% |   85  0.09 |  5.0  2.5  0.0  5.0
 78.401 0.400   58   22    2    9    8 |  34.9 C#1  65% 49% |   57  0.03 |  5.0  2.5  5.0  2.5
 78.801 0.400   60   13    3   13   12 |  35.4 C#1  70% 57% |   58  0.04 |  0.0  0.0  2.5  2.5
 79.201 0.400   54   18    2   13   14 |  35.0 C#1  47% 48% |   55  0.03 |  2.5  0.0  2.5  2.5
 79.601 0.400   48   15    3   18   15 |  35.3 C#1  64% 28% |   70  0.06 |  5.0  2.5  5.0  5.0
 80.001 0.400   60   21    2    9    8 |  35.2 C#1  57% 52% |   56  0.04 |  5.0  2.5  5.0  2.5
 80.401 0.400   60   13    2   13   12 |  35.4 C#1  70% 57% |   59  0.04 |  0.0  0.0  5.0  2.5
 80.801 0.400   55   16    2   13   14 |  35.3 C#1  42% 48% |   54  0.03 |  2.5  0.0  0.0  2.5
 81.201 0.400   60   14    3   13   11 |  35.1 C#1  71% 60% |   59  0.04 |  2.5  0.0  2.5  2.5
 81.601 0.400   64   17    2    8    8 |  35.4 C#1  62% 52% |   53  0.03 |  0.0  0.0  2.5  0.0
 82.001 0.400   58   14    3   13   12 |  34.8 C#1  73% 55% |   62  0.05 |  2.5  0.0  5.0  5.0
 82.401 0.400   58   19    2   10   11 |  34.6 C#1  78% 80% |   53  0.03 |  2.5  0.0  0.0  2.5
 82.801 0.400   70   11    2    9    8 |  34.7 C#1  100% 92% |   53  0.03 |  2.5  0.0  5.0  2.5
 83.200 0.400   71   20    2    2    5 |  34.5 C#1  96% 66% |   53  0.02 |  2.5  2.5  2.5  2.5
 83.600 0.400    1    7    8   51   32 | 119.1 A#2  64% 28% |  276  2.76 |  2.5  2.5 12.5  5.0
 84.000 0.400   53   22    2   11   12 |  35.8 D1   32% 48% |   62  0.03 |  2.5  0.0  0.0  2.5
 84.400 0.400   38   29    3   16   14 |   0.0 -     0%  0% |   80  0.06 |  5.0  2.5  2.5  5.0
 84.800 0.400   63   22    3    7    6 |  35.1 C#1  62% 52% |   59  0.04 |  7.5  2.5  2.5  2.5
 85.200 0.400   67   11    2   10    9 |  35.8 D1   61% 57% |   52  0.04 |  2.5  0.0  0.0  0.0
 85.600 0.400   55   20    2   10   12 |  35.3 C#1  37% 48% |   56  0.03 |  2.5  0.0  2.5  5.0
 86.000 0.400   57   17    2   12   12 |  35.5 C#1  58% 30% |   68  0.05 |  2.5  2.5  0.0  5.0
 86.400 0.400   62   23    2    6    7 |  35.0 C#1  65% 50% |   59  0.03 |  5.0  2.5  5.0  2.5
 86.800 0.400   66   11    3   12    9 |  35.9 D1   61% 57% |   57  0.05 |  2.5  0.0  0.0  2.5
 87.200 0.400   54   21    2   11   12 |  35.2 C#1  37% 48% |   57  0.03 |  2.5  0.0  2.5  2.5
 87.600 0.400   68   12    2    9    9 |  35.4 C#1  68% 55% |   55  0.04 |  2.5  0.0  0.0  2.5
 87.999 0.400   64   20    2    7    6 |  35.2 C#1  70% 49% |   56  0.04 |  0.0  0.0  5.0  2.5
 88.399 0.400   65   13    2   11    8 |  35.3 C#1  67% 60% |   55  0.03 |  0.0  0.0  0.0  2.5
 88.799 0.400   58   18    2   10   12 |  34.7 C#1  81% 80% |   52  0.03 |  2.5  0.0  2.5  2.5
 89.199 0.400   68   11    2    9   11 |  34.7 C#1  100% 95% |   50  0.03 |  0.0  0.0  5.0  2.5
 89.599 0.400   43   21    4   13   19 |  39.9 D#1  14% 35% |   82  0.07 |  2.5  2.5  5.0  0.0
 89.999 0.400   43   23    7   10   18 |  38.4 D#1  17% 30% |   73  0.10 |  5.0  2.5  5.0  2.5
 90.399 0.400   45   23    6   13   13 |  39.7 D#1   0% 30% |   93  0.16 |  5.0  0.0  0.0  2.5
 90.799 0.400   45   24    6   11   13 |  40.0 D#1   0% 30% |   88  0.14 |  5.0  2.5  7.5  2.5
 91.199 0.400   45   22    5   12   16 |  40.4 E1   14% 35% |   76  0.15 |  5.0  0.0  0.0  2.5
 91.599 0.400   43   21    9   13   14 |  39.1 D#1  15% 32% |   94  0.14 |  5.0  5.0  5.0  5.0
 91.999 0.400   46   25    6   11   13 |  39.1 D#1  15% 32% |   79  0.11 |  7.5  2.5  0.0  2.5
 92.399 0.400   46   24    5   11   14 |  39.1 D#1  15% 32% |   80  0.08 |  5.0  2.5  2.5  2.5
 92.798 0.400   44   23    3   16   14 |  40.4 E1   14% 34% |   75  0.06 |  5.0  0.0  2.5  5.0
 93.198 0.400   45   22    6   14   14 |  40.5 E1   21% 35% |   89  0.15 |  5.0  5.0  2.5  2.5
 93.598 0.400   44   23    4   14   15 |  39.2 D#1  17% 30% |   76  0.08 |  5.0  2.5  5.0  0.0
 93.998 0.400   45   24    7   12   13 |  38.2 D#1  15% 32% |   98  0.15 |  5.0  0.0  0.0  2.5
 94.398 0.400   43   23    3   16   15 |  39.6 D#1   0% 35% |   80  0.10 |  7.5  2.5  2.5  2.5
 94.798 0.400   46   22    3   15   13 |  40.0 D#1   0% 35% |   83  0.09 |  5.0  0.0  0.0  2.5
 95.198 0.400   46   23    4   16   10 |  39.6 D#1  14% 35% |   77  0.09 |  5.0  2.5  5.0  5.0
 95.598 0.400   47   24    7   10   12 |  40.3 E1   14% 35% |   89  0.14 |  5.0  0.0  0.0  0.0
 95.998 0.400   41   29    7   11   12 |  55.4 A1   67% 15% |   81  0.09 |  7.5  7.5  7.5  7.5
 96.398 0.400   42   27    8   10   13 |  55.2 A1   80% 12% |   88  0.13 | 10.0  5.0  5.0  5.0
 96.798 0.400   43   27    8   11   11 |  55.6 A1   83% 15% |   87  0.12 |  5.0  5.0  7.5  5.0
 97.198 0.400   43   27    9   10   11 |  55.4 A1   86% 18% |   96  0.16 |  5.0  2.5 10.0  7.5
 97.598 0.400   40   25   14    9   12 |  55.5 A1   75% 10% |   91  0.21 | 10.0  5.0  7.5  7.5
 97.997 0.400   41   26   12   10   11 |  55.5 A1   80% 12% |   93  0.19 | 10.0  7.5 12.5 12.5
 98.397 0.400   42   26   12   10   11 |  56.1 A1   75% 10% |   91  0.18 |  7.5  2.5  5.0  5.0
 98.797 0.400   37   24   13   14   12 |   0.0 -     0%  0% |  112  0.25 |  5.0  5.0 12.5  2.5
 99.197 0.400   14   50   13   14   10 |   0.0 -     0%  0% |  135  0.25 |  0.0  0.0  7.5  7.5
 99.597 0.400   14   55    5   18    8 |   0.0 -     0%  0% |  126  0.18 |  0.0  0.0 10.0  7.5
 99.997 0.400   15   55    4   18    8 |   0.0 -     0%  0% |  113  0.14 |  2.5  2.5  7.5  7.5
100.397 0.400   12   56    5   17   10 |   0.0 -     0%  0% |  101  0.10 |  0.0  0.0 10.0  7.5
100.797 0.400   25   42    8   13   12 |  57.3 A#1   0%  5% |  129  0.39 |  5.0  0.0  0.0  5.0
101.197 0.400    0    0   27   40   34 |   0.0 -     0%  0% |  380 99.00 |  2.5  2.5  2.5  5.0
101.597 0.400    0    0   29   34   37 |   0.0 -     0%  0% |  328 99.00 |  2.5  0.0  0.0  2.5
101.997 0.400    3    5   23   13   56 |   0.0 -     0%  0% |  305 24.31 |  7.5  5.0  2.5  2.5
102.397 0.400   47   31    6    6   10 | 106.5 G#2  61% 44% |  202  0.79 |  7.5  2.5 10.0 10.0
102.796 0.400    0    6    9   32   54 | 106.8 G#2  100% 72% |  289  3.33 |  5.0  2.5  5.0  7.5
103.196 0.400    0    6    9   33   53 | 106.7 G#2  100% 72% |  301  4.35 | 10.0 10.0  7.5  7.5
103.596 0.400    0    7    8   29   55 | 106.5 G#2  100% 100% |  282  1.83 | 10.0 10.0 10.0  7.5
103.996 0.400    0    4    4   37   55 | 106.4 G#2  79% 72% |  336  3.25 |  5.0  5.0  5.0  5.0
104.396 0.400    0    4    4   38   53 | 106.7 G#2  72% 72% |  296  3.54 |  7.5  5.0  7.5 10.0
104.796 0.400    0    6    8   42   45 | 113.7 A#2  100% 68% |  304  3.70 | 10.0 10.0  5.0  7.5
105.196 0.400    0    0   15   28   57 |   0.0 -     0%  0% |  399 99.00 |  2.5  0.0  7.5  5.0
105.596 0.400   54   17    3   11   15 |  34.7 C#1  75% 80% |   55  0.04 |  5.0  5.0  2.5  0.0
105.996 0.400   42   14    2   22   20 |  34.6 C#1  100% 48% |   82  0.08 |  0.0  0.0  0.0  5.0
106.396 0.400   43   12    8   18   19 |  34.7 C#1  97% 75% |   57  0.05 |  5.0  5.0  5.0  0.0
106.796 0.400   44   14    2   22   18 |  34.6 C#1  100% 50% |   81  0.08 |  0.0  0.0  0.0  7.5
107.196 0.400   59   16    2   12   11 |  34.7 C#1  84% 78% |   54  0.04 |  7.5  2.5  2.5  2.5
107.596 0.400   42   15    3   22   19 |  34.6 C#1  100% 48% |   81  0.08 |  0.0  0.0  0.0  5.0
107.995 0.400   42   14    9   18   18 |  34.7 C#1  94% 80% |   55  0.05 |  2.5  2.5  5.0  5.0
108.395 0.400   44   14    2   21   19 |  34.7 C#1  100% 48% |   79  0.08 |  2.5  2.5  0.0  7.5
108.795 0.400   59   15    2   12   11 |  34.7 C#1  90% 75% |   53  0.04 |  5.0  2.5  2.5  5.0
109.195 0.400   44   13    2   22   19 |  34.6 C#1  100% 48% |   85  0.09 |  5.0  2.5  0.0  5.0
109.595 0.400   42   14    9   18   18 |  34.7 C#1  93% 75% |   58  0.05 |  5.0  2.5  5.0  5.0
109.995 0.400   43   14    2   22   19 |  34.7 C#1  100% 48% |   81  0.08 |  2.5  0.0  0.0  5.0
110.395 0.400   55   21    2   12   10 |  49.1 G1   50% 15% |   67  0.05 |  7.5  5.0  5.0  7.5
110.795 0.400   23   54    3   11    9 |  69.2 C#2   6% 88% |   80  0.04 |  5.0  2.5  7.5  7.5
111.195 0.400   34   23   13   13   17 |  34.7 C#1  67% 45% |   92  0.08 |  5.0  5.0  7.5  0.0
111.595 0.400   70   12    2    8    8 |  36.8 D1   22% 57% |   54  0.02 |  2.5  2.5  7.5  2.5
111.995 0.400   65   17    2    7    9 |  34.9 C#1  76% 72% |   45  0.01 |  5.0  2.5  2.5  0.0
112.395 0.400   52   10    3   18   18 |  43.8 F1   100%  5% |   70  0.07 |  7.5  5.0 10.0 12.5
112.794 0.400   42   13    9   17   19 |  34.7 C#1  93% 70% |   44  0.02 |  5.0  2.5  5.0  0.0
113.194 0.400   49   10    2   21   18 |   0.0 -     0%  0% |   67  0.04 |  5.0  5.0  7.5  7.5
113.594 0.400   59   16    2   12   11 |  34.8 C#1  85% 68% |   47  0.02 |  5.0  0.0  2.5  0.0
113.994 0.400   49   10    3   20   18 |  44.5 F1   100%  5% |   70  0.05 |  5.0  2.5  5.0  7.5
114.394 0.400   41   13    9   18   18 |  34.8 C#1  93% 72% |   46  0.02 |  2.5  0.0  2.5  0.0
114.794 0.400   47    9    2   23   19 |   0.0 -     0%  0% |   72  0.05 |  5.0  2.5  2.5  5.0
115.194 0.400   56   18    2   12   12 |  35.8 D1   57% 52% |   55  0.03 |  5.0  0.0  5.0  2.5
115.594 0.400   54    6    2   19   18 |  35.4 C#1  64% 62% |   57  0.05 |  2.5  0.0  0.0  2.5
115.994 0.400   40   15    9   17   19 |  35.1 C#1  83% 57% |   62  0.05 |  5.0  5.0  5.0  2.5
116.394 0.400   54    5    3   20   18 |  36.0 D1   50% 55% |   57  0.05 |  2.5  0.0  0.0  2.5
116.794 0.400   57   17    3   12   11 |  34.6 C#1  92% 62% |   61  0.06 |  5.0  0.0  5.0  2.5
117.194 0.400   68    4    1   13   13 |  39.9 D#1  36% 80% |   44  0.01 |  2.5  0.0  0.0  2.5
117.593 0.400    0   22   16   30   32 | 129.1 C3   67% 22% |  224  1.11 |  5.0  0.0  7.5  0.0
117.993 0.400    0    0    6   61   33 |   0.0 -     0%  0% |  304  6.08 |  2.5  2.5  7.5  7.5
118.393 0.400   32   24    5   16   22 |  47.1 F#1  71% 18% |  401 28.37 |  5.0  5.0  5.0  5.0
118.793 0.400    0    8    7   41   44 | 112.3 A2   76% 95% |  225  1.49 | 10.0  7.5  7.5  7.5
119.193 0.400    0   20   17   34   29 | 128.9 C3   50% 35% |  348  5.11 |  2.5  2.5  5.0  2.5
119.593 0.400   54   15    5   12   15 |  34.7 C#1  77% 78% |   71  0.11 |  5.0  2.5  2.5  2.5
119.993 0.400   59    2    3   18   18 |  34.7 C#1  95% 95% |   76  0.10 |  7.5  0.0  0.0  2.5
120.393 0.400   59   14    3   12   11 |  34.7 C#1  87% 75% |   69  0.09 |  5.0  0.0  5.0  5.0
120.793 0.400   44   13    9   17   17 |  34.7 C#1  100% 78% |   64  0.08 |  2.5  0.0  5.0  0.0
121.193 0.400   60    2    3   19   15 |  34.7 C#1  97% 95% |   75  0.11 |  0.0  0.0  0.0  7.5
121.593 0.400   59   15    2   13   10 |  34.7 C#1  93% 70% |   63  0.06 |  2.5  0.0  5.0  2.5
121.993 0.400   60    2    3   19   16 |  34.7 C#1  100% 100% |   67  0.10 |  2.5  0.0  2.5  5.0
122.393 0.400   43   13    9   18   17 |  34.7 C#1  93% 70% |   61  0.06 |  2.5  0.0  2.5  2.5
122.792 0.400   61   15    3   11   10 |  34.7 C#1  90% 72% |   65  0.07 |  5.0  2.5  5.0  5.0
123.192 0.400   57    5    2   19   16 |  34.7 C#1  83% 72% |   71  0.08 |  0.0  0.0  0.0  5.0
123.592 0.400   60   15    2   12   10 |  34.8 C#1  78% 80% |   63  0.06 |  5.0  2.5  5.0  5.0
123.992 0.400   48   12    8   16   15 |  34.6 C#1  90% 78% |   66  0.07 |  2.5  2.5  5.0  5.0
124.392 0.400   49    5    3   23   20 |  28.5 A#0  17% 60% |  107  0.20 |  2.5  0.0  0.0  7.5
124.792 0.400   34   22    3   18   23 |  47.5 F#1  50% 15% |  405 80.45 |  0.0  0.0  5.0  7.5
125.192 0.400    2    3    3   43   49 |  37.7 D1   100%  5% |  415 99.00 |  5.0  2.5  0.0  7.5
125.592 0.400   33   15   11   21   20 |  34.7 C#1  96% 60% |  102  0.11 |  2.5  2.5  5.0  7.5
125.992 0.400   57   17    3   11   11 |  35.0 C#1  67% 68% |   72  0.10 |  5.0  2.5  2.5  5.0
126.392 0.400   57    5    2   18   19 |  34.9 C#1  81% 65% |   87  0.13 |  5.0  2.5  2.5  7.5
126.792 0.400   57   17    3   13   11 |  35.1 C#1  64% 68% |   70  0.08 |  5.0  5.0  5.0  7.5
127.192 0.400   47   13    9   15   16 |  34.7 C#1  83% 90% |   67  0.08 |  2.5  2.5  2.5  7.5
127.591 0.400   51   16    3   16   14 |  34.6 C#1  100% 50% |   78  0.10 |  2.5  2.5  2.5  7.5
127.991 0.400   63   16    2   11    9 |  34.7 C#1  81% 78% |   63  0.06 |  7.5  2.5  5.0  7.5
128.391 0.400   50   15    4   17   14 |  34.7 C#1  100% 52% |   90  0.14 |  2.5  0.0  0.0  7.5
128.791 0.400   45   14    9   16   16 |  34.7 C#1  94% 78% |   70  0.08 |  7.5  2.5  5.0  5.0
129.191 0.400   50   15    4   16   15 |  34.7 C#1  100% 50% |   90  0.13 |  5.0  0.0  0.0 10.0
129.591 0.400   67   14    3    8    7 |  35.6 C#1  90% 75% |   55  0.04 |  7.5  2.5  5.0  5.0
129.991 0.400   77    2    1   11    8 |  36.8 D1   100% 100% |   53  0.03 |  5.0  0.0  2.5  5.0
130.391 0.400    5   23   17   24   30 | 124.1 B2   25% 20% |  313 18.67 |  2.5  2.5  5.0  2.5
130.791 0.400    0    0   24   17   58 |   0.0 -     0%  0% |  340 99.00 |  2.5  2.5  2.5  2.5
131.191 0.400   34   33    5    7   21 |  50.7 G#1  100%  5% |   84  0.07 |  5.0  2.5  2.5  0.0
131.591 0.400   38   18    3   11   30 |  35.1 C#1  94% 44% |   80  0.10 |  2.5  0.0  0.0  0.0
131.991 0.400   55    9    9   12   14 |  34.6 C#1  100% 100% |   85  0.19 |  2.5  0.0  0.0  0.0
132.391 0.400   63   12    7   12    6 |  34.9 C#1  100% 100% |   98  0.17 |  7.5  0.0  0.0  0.0
132.790 0.400   69   14    7    6    3 |  34.8 C#1  100% 100% |   70  0.10 |  0.0  0.0  0.0  0.0
133.190 0.400   70   11   13    4    1 |  34.7 C#1  92% 100% |   72  0.17 |  0.0  0.0  0.0  0.0
133.590 0.400   61   18   15    4    1 |  27.4 A0   97% 85% |   82  0.18 |  0.0  0.0  0.0  0.0
133.990 0.400   57   28    9    4    1 |  27.4 A0   100% 100% |   78  0.13 |  7.5  0.0  0.0  0.0
134.390 0.400   59   28   10    3    0 |  55.2 A1   85% 100% |   83  0.11 |  0.0  0.0  0.0  0.0
134.790 0.400   45   40   13    3    0 |  55.0 A1   100% 100% |   93  0.16 |  0.0  0.0  0.0  0.0
135.190 0.400   58   20   19    4    0 |  55.3 A1   100% 100% |   93  0.30 |  0.0  0.0  0.0  0.0
135.590 0.400   57   20   19    4    0 |  55.3 A1   100% 100% |   89  0.27 |  0.0  0.0  0.0  0.0
135.990 0.400   60   22   16    2    0 |  55.3 A1   100% 100% |   81  0.20 |  0.0  0.0  0.0  0.0
136.390 0.400   64   24    9    3    0 |  55.3 A1   93% 100% |   80  0.10 |  0.0  0.0  0.0  0.0
136.790 0.400   22   58   16    4    1 |  62.1 B1   98% 100% |  101  0.21 |  0.0  0.0  0.0  0.0
137.190 0.400   23   58   14    4    1 |  62.0 B1   100% 100% |   93  0.20 |  0.0  0.0  0.0  0.0
137.589 0.400   70   17    6    5    1 |  46.5 F#1  100% 88% |   76  0.09 |  0.0  0.0  0.0  0.0
137.989 0.400   63   24    4    8    1 |  46.3 F#1  100% 100% |   85  0.10 |  0.0  0.0  0.0  0.0
138.389 0.400   78    5    5   11    1 |  46.5 F#1  100% 100% |   80  0.13 |  0.0  0.0  0.0  0.0
138.789 0.400   74    8   11    7    1 |  46.5 F#1  100% 100% |   79  0.17 |  0.0  0.0  0.0  0.0
139.189 0.400   78    6    8    7    0 |  46.5 F#1  100% 100% |   81  0.14 |  0.0  0.0  0.0  0.0
139.589 0.400   78   11    7    4    0 |  46.4 F#1  100% 100% |   80  0.10 |  0.0  0.0  0.0  0.0
139.989 0.400   78    8    7    7    0 |  46.5 F#1  100% 100% |   81  0.12 |  0.0  0.0  0.0  0.0
140.389 0.400   71   17    6    6    0 |  46.5 F#1  100% 100% |   81  0.12 |  0.0  0.0  0.0  0.0
140.789 0.400   77   11    8    5    0 |  41.5 E1   85% 100% |   70  0.12 |  0.0  0.0  0.0  0.0
141.189 0.400   80    7    9    4    0 |  41.4 E1   100% 100% |   71  0.13 |  0.0  0.0  0.0  0.0
141.589 0.400   79    7    8    6    0 |  41.4 E1   100% 100% |   72  0.13 |  0.0  0.0  0.0  0.0
141.989 0.400   81   10    4    5    0 |  41.3 E1   100% 100% |   60  0.06 |  0.0  0.0  0.0  2.5
142.388 0.400   64   14   14    6    2 |  41.2 E1   100% 100% |   88  0.21 |  0.0  0.0  0.0  2.5
142.788 0.400   73    3   18    6    1 |  41.4 E1   100% 100% |   87  0.29 |  0.0  0.0  0.0  2.5
143.188 0.400   75    4   13    7    1 |  41.4 E1   100% 100% |   81  0.22 |  0.0  0.0  0.0  0.0
143.588 0.400   65   18    9    7    1 |  41.3 E1   100% 100% |   87  0.16 |  2.5  0.0  2.5  2.5
143.988 0.400   60   19    8    6    7 |  34.8 C#1  73% 82% |   85  0.12 |  2.5  0.0  2.5  0.0
144.388 0.400   74    7    5    9    5 |  34.8 C#1  100% 100% |   78  0.13 |  0.0  0.0  0.0  0.0
144.788 0.400   69    8   10   12    2 |  34.9 C#1  100% 100% |   86  0.19 |  0.0  0.0  0.0  0.0
145.188 0.400   73    9    7    9    1 |  35.0 C#1  100% 100% |   72  0.12 |  0.0  0.0  0.0  2.5
145.588 0.400   68   11    7   12    1 |  34.7 C#1  100% 100% |   80  0.13 |  0.0  0.0  0.0  2.5
145.988 0.400   71   12    7    9    1 |  34.8 C#1  92% 98% |   76  0.13 |  0.0  0.0  0.0  2.5
146.388 0.400   55   20   10   13    1 |  27.3 A0   100% 85% |  100  0.18 |  0.0  0.0  0.0  2.5
146.788 0.400   53   25    8   12    2 |  27.5 A0   98% 100% |   90  0.17 |  2.5  0.0  0.0  2.5
147.188 0.400   41   46    4    7    1 |  54.8 A1   92% 92% |   93  0.09 |  2.5  0.0  0.0  2.5
147.587 0.400   63   22    5    9    1 |  55.3 A1   100% 100% |   81  0.09 |  0.0  0.0  0.0  2.5
147.987 0.400   55   19   11   13    1 |  55.3 A1   100% 100% |  102  0.23 |  0.0  0.0  0.0  2.5
148.387 0.400   46   25   13   15    1 |  55.2 A1   100% 100% |  114  0.25 |  0.0  0.0  0.0  2.5
148.787 0.400   47   18   22   12    1 |  55.4 A1   100% 100% |  123  0.40 |  5.0  0.0  0.0  2.5
149.187 0.400   47   23   19   10    1 |  55.3 A1   95% 100% |  117  0.36 |  5.0  0.0  0.0  2.5
149.587 0.400   22   53   11   13    1 |  62.0 B1   92% 100% |  111  0.21 |  5.0  0.0  0.0  2.5
149.987 0.400   23   54   10   12    1 |  62.0 B1   100% 100% |  103  0.22 |  0.0  0.0  0.0  2.5
150.387 0.400   60   23    8    7    1 |  46.3 F#1  92% 90% |   78  0.10 |  2.5  0.0  0.0  2.5
150.787 0.400   70   11    7   11    1 |  46.4 F#1  100% 100% |   92  0.16 |  0.0  0.0  0.0  2.5
151.187 0.400   68   11    5   15    1 |  46.6 F#1  100% 100% |   87  0.13 |  0.0  0.0  0.0  2.5
151.587 0.400   74    5    6   13    2 |  46.5 F#1  100% 100% |   77  0.10 |  0.0  0.0  0.0  2.5
151.987 0.400   75    6    4   13    1 |  46.5 F#1  100% 100% |   79  0.10 |  0.0  0.0  0.0  2.5
152.386 0.400   75    7    7   10    1 |  46.5 F#1  100% 100% |   82  0.12 |  0.0  0.0  0.0  2.5
152.786 0.400   70   12    5   12    1 |  46.5 F#1  100% 100% |   83  0.10 |  0.0  0.0  0.0  2.5
153.186 0.400   67   14    5   12    1 |  46.4 F#1  92% 100% |   85  0.11 |  2.5  0.0  0.0  2.5
153.586 0.400   59   13   13   14    1 |  41.8 E1   85% 100% |  100  0.24 |  0.0  0.0  0.0  2.5
153.986 0.400   58    9   17   13    2 |  41.2 E1   100% 100% |  104  0.29 |  2.5  0.0  0.0  2.5
154.386 0.400   62   12   12   13    2 |  41.5 E1   100% 100% |   94  0.20 |  0.0  0.0  0.0  2.5
154.786 0.400   69   10    8   11    2 |  41.2 E1   100% 100% |   77  0.13 |  0.0  0.0  0.0  2.5
155.186 0.400   67    9   13   10    2 |  41.5 E1   100% 100% |   78  0.17 |  0.0  0.0  0.0  2.5
155.586 0.400   72    8    7   10    4 |  41.5 E1   100% 100% |   76  0.12 |  0.0  0.0  0.0  5.0
155.986 0.400   15   23   24   28   11 |  41.4 E1   100% 15% |  221  1.95 |  0.0  0.0  0.0  0.0
156.386 0.400    0   29   22   35   13 |   0.0 -     0%  0% |  228  1.07 |  0.0  0.0  0.0  2.5
156.786 0.400    0   14   14   56   15 |  97.0 G2   67%  8% |  376 34.23 |  5.0  0.0  0.0  2.5
